3.15576e+11 5.94522e-04 1.87811e-03
3.18499e+11 6.00028e-04 1.89546e-03
3.21449e+11 6.05585e-04 1.91297e-03
3.24426e+11 6.11193e-04 1.93064e-03
3.27431e+11 6.16853e-04 1.94847e-03
3.30464e+11 6.22565e-04 1.96646e-03
3.33525e+11 6.28331e-04 1.98462e-03
3.36614e+11 6.34150e-04 2.00294e-03
3.39732e+11 6.40022e-04 2.02144e-03
3.42878e+11 6.45949e-04 2.04010e-03
3.46054e+11 6.51931e-04 2.05893e-03
3.49259e+11 6.57968e-04 2.07794e-03
3.52494e+11 6.64061e-04 2.09712e-03
3.55759e+11 6.70211e-04 2.11648e-03
3.59054e+11 6.76417e-04 2.13601e-03
3.62380e+11 6.82681e-04 2.15572e-03
3.65736e+11 6.89003e-04 2.17561e-03
3.69124e+11 6.95383e-04 2.19569e-03
3.72543e+11 7.01822e-04 2.21595e-03
3.75993e+11 7.08321e-04 2.23639e-03
3.79476e+11 7.14880e-04 2.25702e-03
3.82991e+11 7.21500e-04 2.27784e-03
3.86538e+11 7.28181e-04 2.29885e-03
3.90118e+11 7.34924e-04 2.32005e-03
3.93731e+11 7.41729e-04 2.34145e-03
3.97378e+11 7.48597e-04 2.36304e-03
4.01059e+11 7.55529e-04 2.38482e-03
4.04774e+11 7.62525e-04 2.40681e-03
4.08523e+11 7.69585e-04 2.42900e-03
4.12306e+11 7.76711e-04 2.45139e-03
4.16125e+11 7.83903e-04 2.47398e-03
4.19979e+11 7.91161e-04 2.49678e-03
4.23869e+11 7.98487e-04 2.51979e-03
4.27795e+11 8.05880e-04 2.54300e-03
4.31758e+11 8.13342e-04 2.56643e-03
4.35757e+11 8.20873e-04 2.59007e-03
4.39793e+11 8.28473e-04 2.61393e-03
4.43866e+11 8.36144e-04 2.63800e-03
4.47977e+11 8.43886e-04 2.66230e-03
4.52127e+11 8.51699e-04 2.68681e-03
4.56314e+11 8.59584e-04 2.71155e-03
4.60541e+11 8.67543e-04 2.73651e-03
4.64806e+11 8.75575e-04 2.76170e-03
4.69112e+11 8.83681e-04 2.78712e-03
4.73457e+11 8.91862e-04 2.81277e-03
4.77842e+11 9.00119e-04 2.83865e-03
4.82268e+11 9.08453e-04 2.86476e-03
4.86735e+11 9.16863e-04 2.89112e-03
4.91243e+11 9.25351e-04 2.91771e-03
4.95793e+11 9.33918e-04 2.94454e-03
5.00385e+11 9.42564e-04 2.97162e-03
5.05020e+11 9.51289e-04 2.99894e-03
5.09697e+11 9.60096e-04 3.02651e-03
5.14418e+11 9.68984e-04 3.05433e-03
5.19183e+11 9.77954e-04 3.08240e-03
5.23991e+11 9.87007e-04 3.11072e-03
5.28845e+11 9.96143e-04 3.13930e-03
5.33743e+11 1.00536e-03 3.16814e-03
5.38687e+11 1.01467e-03 3.19724e-03
5.43676e+11 1.02406e-03 3.22660e-03
5.48712e+11 1.03354e-03 3.25622e-03
5.53794e+11 1.04311e-03 3.28612e-03
5.58923e+11 1.05276e-03 3.31628e-03
5.64100e+11 1.06251e-03 3.34671e-03
5.69325e+11 1.07234e-03 3.37742e-03
5.74598e+11 1.08227e-03 3.40841e-03
5.79920e+11 1.09228e-03 3.43967e-03
5.85292e+11 1.10239e-03 3.47122e-03
5.90713e+11 1.11260e-03 3.50305e-03
5.96184e+11 1.12289e-03 3.53516e-03
6.01706e+11 1.13329e-03 3.56757e-03
6.07279e+11 1.14377e-03 3.60026e-03
6.12904e+11 1.15436e-03 3.63325e-03
6.18581e+11 1.16504e-03 3.66653e-03
6.24310e+11 1.17582e-03 3.70011e-03
6.30092e+11 1.18670e-03 3.73400e-03
6.35928e+11 1.19768e-03 3.76818e-03
6.41819e+11 1.20877e-03 3.80267e-03
6.47763e+11 1.21995e-03 3.83747e-03
6.53763e+11 1.23124e-03 3.87258e-03
6.59818e+11 1.24263e-03 3.90801e-03
6.65930e+11 1.25413e-03 3.94375e-03
6.72098e+11 1.26573e-03 3.97981e-03
6.78323e+11 1.27744e-03 4.01619e-03
6.84605e+11 1.28926e-03 4.05290e-03
6.90946e+11 1.30119e-03 4.08993e-03
6.97346e+11 1.31323e-03 4.12729e-03
7.03805e+11 1.32538e-03 4.16499e-03
7.10324e+11 1.33764e-03 4.20302e-03
7.16903e+11 1.35001e-03 4.24138e-03
7.23543e+11 1.36250e-03 4.28009e-03
7.30245e+11 1.37510e-03 4.31914e-03
7.37008e+11 1.38782e-03 4.35854e-03
7.43835e+11 1.40066e-03 4.39829e-03
7.50724e+11 1.41362e-03 4.43838e-03
7.57677e+11 1.42669e-03 4.47884e-03
7.64695e+11 1.43989e-03 4.51965e-03
7.71778e+11 1.45320e-03 4.56082e-03
7.78926e+11 1.46664e-03 4.60236e-03
7.86141e+11 1.48021e-03 4.64426e-03
7.93422e+11 1.49389e-03 4.68653e-03
8.00771e+11 1.50771e-03 4.72917e-03
8.08188e+11 1.52165e-03 4.77219e-03
8.15674e+11 1.53572e-03 4.81559e-03
8.23228e+11 1.54992e-03 4.85937e-03
8.30853e+11 1.56425e-03 4.90353e-03
8.38549e+11 1.57871e-03 4.94808e-03
8.46316e+11 1.59331e-03 4.99302e-03
8.54154e+11 1.60804e-03 5.03836e-03
8.62066e+11 1.62290e-03 5.08409e-03
8.70050e+11 1.63790e-03 5.13022e-03
8.78109e+11 1.65304e-03 5.17676e-03
8.86242e+11 1.66832e-03 5.22370e-03
8.94451e+11 1.68374e-03 5.27105e-03
9.02735e+11 1.69930e-03 5.31881e-03
9.11097e+11 1.71501e-03 5.36699e-03
9.19535e+11 1.73086e-03 5.41558e-03
9.28052e+11 1.74685e-03 5.46461e-03
9.36648e+11 1.76299e-03 5.51405e-03
9.45323e+11 1.77928e-03 5.56393e-03
9.54079e+11 1.79572e-03 5.61424e-03
9.62916e+11 1.81231e-03 5.66498e-03
9.71835e+11 1.82906e-03 5.71617e-03
9.80836e+11 1.84595e-03 5.76779e-03
9.89921e+11 1.86301e-03 5.81987e-03
9.99090e+11 1.88021e-03 5.87238e-03
1.00834e+12 1.89758e-03 5.92535e-03
1.01768e+12 1.91511e-03 5.97878e-03
1.02711e+12 1.93279e-03 6.03267e-03
1.03662e+12 1.95064e-03 6.08702e-03
1.04622e+12 1.96865e-03 6.14183e-03
1.05591e+12 1.98683e-03 6.19712e-03
1.06569e+12 2.00518e-03 6.25288e-03
1.07556e+12 2.02369e-03 6.30912e-03
1.08553e+12 2.04237e-03 6.36584e-03
1.09558e+12 2.06123e-03 6.42304e-03
1.10573e+12 2.08025e-03 6.48073e-03
1.11597e+12 2.09945e-03 6.53892e-03
1.12631e+12 2.11883e-03 6.59759e-03
1.13674e+12 2.13838e-03 6.65677e-03
1.14727e+12 2.15811e-03 6.71645e-03
1.15789e+12 2.17803e-03 6.77663e-03
1.16862e+12 2.19812e-03 6.83732e-03
1.17944e+12 2.21840e-03 6.89852e-03
1.19037e+12 2.23887e-03 6.96025e-03
1.20139e+12 2.25952e-03 7.02249e-03
1.21252e+12 2.28036e-03 7.08525e-03
1.22375e+12 2.30139e-03 7.14855e-03
1.23508e+12 2.32261e-03 7.21237e-03
1.24652e+12 2.34403e-03 7.27674e-03
1.25807e+12 2.36564e-03 7.34164e-03
1.26972e+12 2.38745e-03 7.40708e-03
1.28148e+12 2.40946e-03 7.47308e-03
1.29335e+12 2.43167e-03 7.53962e-03
1.30533e+12 2.45408e-03 7.60672e-03
1.31742e+12 2.47670e-03 7.67438e-03
1.32962e+12 2.49952e-03 7.74260e-03
1.34194e+12 2.52255e-03 7.81139e-03
1.35437e+12 2.54580e-03 7.88075e-03
1.36691e+12 2.56925e-03 7.95068e-03
1.37957e+12 2.59291e-03 8.02119e-03
1.39235e+12 2.61679e-03 8.09228e-03
1.40525e+12 2.64089e-03 8.16395e-03
1.41826e+12 2.66521e-03 8.23622e-03
1.43140e+12 2.68975e-03 8.30908e-03
1.44466e+12 2.71451e-03 8.38253e-03
1.45804e+12 2.73950e-03 8.45659e-03
1.47154e+12 2.76471e-03 8.53125e-03
1.48517e+12 2.79016e-03 8.60652e-03
1.49893e+12 2.81583e-03 8.68241e-03
1.51281e+12 2.84174e-03 8.75891e-03
1.52682e+12 2.86788e-03 8.83604e-03
1.54096e+12 2.89426e-03 8.91379e-03
1.55524e+12 2.92088e-03 8.99218e-03
1.56964e+12 2.94774e-03 9.07120e-03
1.58418e+12 2.97484e-03 9.15085e-03
1.59885e+12 3.00219e-03 9.23115e-03
1.61366e+12 3.02978e-03 9.31209e-03
1.62861e+12 3.05763e-03 9.39369e-03
1.64369e+12 3.08572e-03 9.47594e-03
1.65892e+12 3.11408e-03 9.55884e-03
1.67428e+12 3.14268e-03 9.64241e-03
1.68979e+12 3.17155e-03 9.72665e-03
1.70544e+12 3.20068e-03 9.81156e-03
1.72124e+12 3.23006e-03 9.89714e-03
1.73718e+12 3.25972e-03 9.98340e-03
1.75327e+12 3.28964e-03 1.00703e-02
1.76951e+12 3.31983e-03 1.01580e-02
1.78590e+12 3.35030e-03 1.02463e-02
1.80244e+12 3.38103e-03 1.03353e-02
1.81913e+12 3.41205e-03 1.04250e-02
1.83598e+12 3.44334e-03 1.05155e-02
1.85299e+12 3.47492e-03 1.06066e-02
1.87015e+12 3.50677e-03 1.06984e-02
1.88747e+12 3.53892e-03 1.07910e-02
1.90496e+12 3.57135e-03 1.08843e-02
1.92260e+12 3.60408e-03 1.09783e-02
1.94041e+12 3.63709e-03 1.10730e-02
1.95838e+12 3.67041e-03 1.11685e-02
1.97652e+12 3.70402e-03 1.12647e-02
1.99482e+12 3.73793e-03 1.13616e-02
2.01330e+12 3.77215e-03 1.14593e-02
2.03195e+12 3.80667e-03 1.15577e-02
2.05077e+12 3.84151e-03 1.16569e-02
2.06976e+12 3.87665e-03 1.17568e-02
2.08893e+12 3.91211e-03 1.18575e-02
2.10828e+12 3.94788e-03 1.19590e-02
2.12781e+12 3.98397e-03 1.20613e-02
2.14752e+12 4.02038e-03 1.21643e-02
2.16741e+12 4.05712e-03 1.22681e-02
2.18748e+12 4.09419e-03 1.23726e-02
2.20774e+12 4.13158e-03 1.24780e-02
2.22819e+12 4.16931e-03 1.25841e-02
2.24883e+12 4.20737e-03 1.26911e-02
2.26966e+12 4.24577e-03 1.27988e-02
2.29068e+12 4.28451e-03 1.29074e-02
2.31190e+12 4.32360e-03 1.30167e-02
2.33331e+12 4.36303e-03 1.31269e-02
2.35492e+12 4.40281e-03 1.32378e-02
2.37674e+12 4.44294e-03 1.33496e-02
2.39875e+12 4.48343e-03 1.34622e-02
2.42097e+12 4.52427e-03 1.35757e-02
2.44339e+12 4.56548e-03 1.36900e-02
2.46602e+12 4.60705e-03 1.38050e-02
2.48886e+12 4.64899e-03 1.39210e-02
2.51191e+12 4.69129e-03 1.40378e-02
2.53518e+12 4.73397e-03 1.41554e-02
2.55866e+12 4.77702e-03 1.42739e-02
2.58236e+12 4.82046e-03 1.43932e-02
2.60628e+12 4.86427e-03 1.45134e-02
2.63042e+12 4.90847e-03 1.46344e-02
2.65478e+12 4.95306e-03 1.47564e-02
2.67937e+12 4.99803e-03 1.48791e-02
2.70419e+12 5.04340e-03 1.50028e-02
2.72923e+12 5.08917e-03 1.51273e-02
2.75451e+12 5.13534e-03 1.52527e-02
2.78003e+12 5.18191e-03 1.53790e-02
2.80578e+12 5.22888e-03 1.55062e-02
2.83176e+12 5.27627e-03 1.56342e-02
2.85799e+12 5.32407e-03 1.57632e-02
2.88446e+12 5.37228e-03 1.58930e-02
2.91118e+12 5.42092e-03 1.60238e-02
2.93814e+12 5.46997e-03 1.61555e-02
2.96536e+12 5.51946e-03 1.62880e-02
2.99282e+12 5.56937e-03 1.64215e-02
3.02054e+12 5.61971e-03 1.65559e-02
3.04852e+12 5.67049e-03 1.66912e-02
3.07676e+12 5.72171e-03 1.68275e-02
3.10525e+12 5.77337e-03 1.69646e-02
3.13401e+12 5.82548e-03 1.71027e-02
3.16304e+12 5.87803e-03 1.72418e-02
3.19234e+12 5.93104e-03 1.73817e-02
3.22191e+12 5.98451e-03 1.75226e-02
3.25175e+12 6.03843e-03 1.76644e-02
3.28187e+12 6.09282e-03 1.78073e-02
3.31226e+12 6.14767e-03 1.79510e-02
3.34294e+12 6.20300e-03 1.80957e-02
3.37391e+12 6.25879e-03 1.82413e-02
3.40516e+12 6.31507e-03 1.83879e-02
3.43670e+12 6.37182e-03 1.85355e-02
3.46853e+12 6.42906e-03 1.86840e-02
3.50065e+12 6.48679e-03 1.88335e-02
3.53308e+12 6.54500e-03 1.89840e-02
3.56580e+12 6.60371e-03 1.91355e-02
3.59883e+12 6.66293e-03 1.92879e-02
3.63216e+12 6.72264e-03 1.94413e-02
3.66580e+12 6.78286e-03 1.95957e-02
3.69976e+12 6.84358e-03 1.97510e-02
3.73402e+12 6.90483e-03 1.99073e-02
3.76861e+12 6.96658e-03 2.00647e-02
3.80351e+12 7.02886e-03 2.02229e-02
3.83874e+12 7.09166e-03 2.03822e-02
3.87430e+12 7.15499e-03 2.05425e-02
3.91018e+12 7.21885e-03 2.07038e-02
3.94640e+12 7.28325e-03 2.08661e-02
3.98295e+12 7.34819e-03 2.10294e-02
4.01984e+12 7.41367e-03 2.11937e-02
4.05708e+12 7.47969e-03 2.13590e-02
4.09465e+12 7.54627e-03 2.15254e-02
4.13258e+12 7.61340e-03 2.16927e-02
4.17085e+12 7.68109e-03 2.18611e-02
4.20949e+12 7.74934e-03 2.20304e-02
4.24848e+12 7.81816e-03 2.22008e-02
4.28783e+12 7.88755e-03 2.23723e-02
4.32754e+12 7.95751e-03 2.25447e-02
4.36762e+12 8.02805e-03 2.27182e-02
4.40808e+12 8.09917e-03 2.28927e-02
4.44890e+12 8.17088e-03 2.30682e-02
4.49011e+12 8.24317e-03 2.32447e-02
4.53170e+12 8.31606e-03 2.34223e-02
4.57367e+12 8.38955e-03 2.36009e-02
4.61604e+12 8.46364e-03 2.37804e-02
4.65879e+12 8.53833e-03 2.39611e-02
4.70194e+12 8.61363e-03 2.41428e-02
4.74549e+12 8.68955e-03 2.43255e-02
4.78944e+12 8.76608e-03 2.45093e-02
4.83381e+12 8.84324e-03 2.46941e-02
4.87858e+12 8.92102e-03 2.48799e-02
4.92376e+12 8.99943e-03 2.50669e-02
4.96937e+12 9.07847e-03 2.52548e-02
5.01540e+12 9.15816e-03 2.54438e-02
5.06185e+12 9.23848e-03 2.56339e-02
5.10873e+12 9.31945e-03 2.58250e-02
5.15605e+12 9.40106e-03 2.60172e-02
5.20381e+12 9.48334e-03 2.62102e-02
5.25201e+12 9.56627e-03 2.64045e-02
5.30065e+12 9.64986e-03 2.65996e-02
5.34975e+12 9.73412e-03 2.67960e-02
5.39930e+12 9.81904e-03 2.69933e-02
5.44931e+12 9.90464e-03 2.71917e-02
5.49978e+12 9.99091e-03 2.73911e-02
5.55072e+12 1.00779e-02 2.75917e-02
5.60213e+12 1.01655e-02 2.77932e-02
5.65402e+12 1.02538e-02 2.79959e-02
5.70639e+12 1.03429e-02 2.81996e-02
5.75924e+12 1.04326e-02 2.84044e-02
5.81258e+12 1.05230e-02 2.86102e-02
5.86642e+12 1.06142e-02 2.88169e-02
5.92076e+12 1.07060e-02 2.90247e-02
5.97560e+12 1.07986e-02 2.92335e-02
6.03094e+12 1.08918e-02 2.94435e-02
6.08680e+12 1.09859e-02 2.96544e-02
6.14318e+12 1.10806e-02 2.98665e-02
6.20008e+12 1.11761e-02 3.00796e-02
6.25751e+12 1.12723e-02 3.02938e-02
6.31546e+12 1.13692e-02 3.05090e-02
6.37396e+12 1.14669e-02 3.07254e-02
6.43300e+12 1.15653e-02 3.09427e-02
6.49258e+12 1.16645e-02 3.11610e-02
6.55272e+12 1.17644e-02 3.13803e-02
6.61341e+12 1.18651e-02 3.16006e-02
6.67466e+12 1.19666e-02 3.18220e-02
6.73648e+12 1.20689e-02 3.20445e-02
6.79888e+12 1.21718e-02 3.22680e-02
6.86185e+12 1.22756e-02 3.24925e-02
6.92541e+12 1.23802e-02 3.27182e-02
6.98955e+12 1.24855e-02 3.29448e-02
7.05429e+12 1.25916e-02 3.31726e-02
7.11963e+12 1.26986e-02 3.34013e-02
7.18557e+12 1.28063e-02 3.36310e-02
7.25213e+12 1.29148e-02 3.38615e-02
7.31930e+12 1.30241e-02 3.40933e-02
7.38709e+12 1.31342e-02 3.43260e-02
7.45551e+12 1.32452e-02 3.45598e-02
7.52456e+12 1.33569e-02 3.47946e-02
7.59426e+12 1.34695e-02 3.50305e-02
7.66460e+12 1.35829e-02 3.52674e-02
7.73559e+12 1.36972e-02 3.55054e-02
7.80724e+12 1.38122e-02 3.57443e-02
7.87955e+12 1.39281e-02 3.59840e-02
7.95253e+12 1.40449e-02 3.62248e-02
8.02619e+12 1.41624e-02 3.64665e-02
8.10053e+12 1.42808e-02 3.67093e-02
8.17556e+12 1.44001e-02 3.69532e-02
8.25128e+12 1.45202e-02 3.71982e-02
8.32771e+12 1.46412e-02 3.74440e-02
8.40484e+12 1.47631e-02 3.76910e-02
8.48269e+12 1.48858e-02 3.79387e-02
8.56125e+12 1.50094e-02 3.81875e-02
8.64055e+12 1.51338e-02 3.84370e-02
8.72058e+12 1.52592e-02 3.86877e-02
8.80135e+12 1.53854e-02 3.89393e-02
8.88287e+12 1.55125e-02 3.91920e-02
8.96515e+12 1.56405e-02 3.94457e-02
9.04818e+12 1.57694e-02 3.97004e-02
9.13199e+12 1.58991e-02 3.99561e-02
9.21657e+12 1.60298e-02 4.02123e-02
9.30194e+12 1.61614e-02 4.04696e-02
9.38809e+12 1.62938e-02 4.07278e-02
9.47505e+12 1.64272e-02 4.09871e-02
9.56281e+12 1.65615e-02 4.12472e-02
9.65138e+12 1.66967e-02 4.15086e-02
9.74077e+12 1.68328e-02 4.17706e-02
9.83099e+12 1.69699e-02 4.20340e-02
9.92205e+12 1.71079e-02 4.22974e-02
1.00140e+13 1.72468e-02 4.25623e-02
1.01067e+13 1.73866e-02 4.28277e-02
1.02003e+13 1.75274e-02 4.30945e-02
1.02948e+13 1.76691e-02 4.33619e-02
1.03901e+13 1.78117e-02 4.36305e-02
1.04864e+13 1.79553e-02 4.38999e-02
1.05835e+13 1.80998e-02 4.41701e-02
1.06815e+13 1.82453e-02 4.44409e-02
1.07805e+13 1.83917e-02 4.47126e-02
1.08803e+13 1.85391e-02 4.49853e-02
1.09811e+13 1.86876e-02 4.52591e-02
1.10828e+13 1.88368e-02 4.55336e-02
1.11855e+13 1.89871e-02 4.58089e-02
1.12891e+13 1.91384e-02 4.60854e-02
1.13936e+13 1.92906e-02 4.63619e-02
1.14991e+13 1.94437e-02 4.66398e-02
1.16057e+13 1.95979e-02 4.69181e-02
1.17131e+13 1.97530e-02 4.71978e-02
1.18216e+13 1.99091e-02 4.74780e-02
1.19311e+13 2.00662e-02 4.77595e-02
1.20416e+13 2.02243e-02 4.80413e-02
1.21532e+13 2.03834e-02 4.83239e-02
1.22657e+13 2.05435e-02 4.86071e-02
1.23793e+13 2.07045e-02 4.88913e-02
1.24940e+13 2.08665e-02 4.91764e-02
1.26097e+13 2.10295e-02 4.94623e-02
1.27265e+13 2.11935e-02 4.97492e-02
1.28444e+13 2.13586e-02 5.00362e-02
1.29634e+13 2.15246e-02 5.03242e-02
1.30834e+13 2.16917e-02 5.06126e-02
1.32046e+13 2.18598e-02 5.09023e-02
1.33269e+13 2.20289e-02 5.11924e-02
1.34504e+13 2.21990e-02 5.14839e-02
1.35749e+13 2.23700e-02 5.17754e-02
1.37007e+13 2.25420e-02 5.20678e-02
1.38276e+13 2.27151e-02 5.23605e-02
1.39556e+13 2.28892e-02 5.26544e-02
1.40849e+13 2.30644e-02 5.29488e-02
1.42154e+13 2.32406e-02 5.32443e-02
1.43470e+13 2.34178e-02 5.35404e-02
1.44799e+13 2.35960e-02 5.38366e-02
1.46140e+13 2.37752e-02 5.41334e-02
1.47494e+13 2.39555e-02 5.44311e-02
1.48860e+13 2.41367e-02 5.47296e-02
1.50239e+13 2.43190e-02 5.50288e-02
1.51630e+13 2.45023e-02 5.53290e-02
1.53035e+13 2.46867e-02 5.56286e-02
1.54452e+13 2.48721e-02 5.59295e-02
1.55883e+13 2.50586e-02 5.62306e-02
1.57326e+13 2.52461e-02 5.65331e-02
1.58784e+13 2.54345e-02 5.68357e-02
1.60254e+13 2.56239e-02 5.71396e-02
1.61739e+13 2.58145e-02 5.74426e-02
1.63237e+13 2.60061e-02 5.77471e-02
1.64749e+13 2.61987e-02 5.80517e-02
1.66275e+13 2.63924e-02 5.83576e-02
1.67815e+13 2.65871e-02 5.86638e-02
1.69369e+13 2.67829e-02 5.89703e-02
1.70938e+13 2.69795e-02 5.92769e-02
1.72521e+13 2.71773e-02 5.95843e-02
1.74119e+13 2.73761e-02 5.98924e-02
1.75732e+13 2.75760e-02 6.02011e-02
1.77359e+13 2.77769e-02 6.05107e-02
1.79002e+13 2.79790e-02 6.08193e-02
1.80660e+13 2.81820e-02 6.11293e-02
1.82333e+13 2.83859e-02 6.14392e-02
1.84022e+13 2.85909e-02 6.17507e-02
1.85726e+13 2.87969e-02 6.20619e-02
1.87447e+13 2.90041e-02 6.23739e-02
1.89183e+13 2.92122e-02 6.26852e-02
1.90935e+13 2.94215e-02 6.29979e-02
1.92704e+13 2.96318e-02 6.33107e-02
1.94488e+13 2.98429e-02 6.36246e-02
1.96290e+13 3.00551e-02 6.39382e-02
1.98108e+13 3.02684e-02 6.42519e-02
1.99943e+13 3.04827e-02 6.45660e-02
2.01795e+13 3.06983e-02 6.48812e-02
2.03664e+13 3.09146e-02 6.51964e-02
2.05550e+13 3.11321e-02 6.55118e-02
2.07454e+13 3.13503e-02 6.58272e-02
2.09375e+13 3.15697e-02 6.61426e-02
2.11315e+13 3.17901e-02 6.64595e-02
2.13272e+13 3.20117e-02 6.67759e-02
2.15247e+13 3.22342e-02 6.70936e-02
2.17241e+13 3.24579e-02 6.74096e-02
2.19253e+13 3.26823e-02 6.77274e-02
2.21284e+13 3.29077e-02 6.80447e-02
2.23333e+13 3.31342e-02 6.83635e-02
2.25402e+13 3.33617e-02 6.86814e-02
2.27490e+13 3.35904e-02 6.89995e-02
2.29597e+13 3.38200e-02 6.93176e-02
2.31723e+13 3.40506e-02 6.96367e-02
2.33870e+13 3.42819e-02 6.99561e-02
2.36036e+13 3.45145e-02 7.02750e-02
2.38222e+13 3.47480e-02 7.05939e-02
2.40428e+13 3.49826e-02 7.09129e-02
2.42655e+13 3.52182e-02 7.12331e-02
2.44903e+13 3.54548e-02 7.15529e-02
2.47171e+13 3.56920e-02 7.18727e-02
2.49461e+13 3.59304e-02 7.21915e-02
2.51771e+13 3.61698e-02 7.25122e-02
2.54103e+13 3.64103e-02 7.28319e-02
2.56457e+13 3.66518e-02 7.31532e-02
2.58832e+13 3.68941e-02 7.34721e-02
2.61229e+13 3.71372e-02 7.37928e-02
2.63649e+13 3.73813e-02 7.41128e-02
2.66091e+13 3.76266e-02 7.44342e-02
2.68555e+13 3.78727e-02 7.47539e-02
2.71043e+13 3.81201e-02 7.50739e-02
2.73553e+13 3.83678e-02 7.53942e-02
2.76087e+13 3.86168e-02 7.57149e-02
2.78644e+13 3.88665e-02 7.60357e-02
2.81225e+13 3.91174e-02 7.63549e-02
2.83830e+13 3.93692e-02 7.66753e-02
2.86459e+13 3.96221e-02 7.69951e-02
2.89112e+13 3.98754e-02 7.73165e-02
2.91790e+13 4.01298e-02 7.76349e-02
2.94492e+13 4.03852e-02 7.79552e-02
2.97220e+13 4.06416e-02 7.82740e-02
2.99973e+13 4.08990e-02 7.85952e-02
3.02751e+13 4.11569e-02 7.89137e-02
3.05555e+13 4.14158e-02 7.92332e-02
3.08386e+13 4.16754e-02 7.95517e-02
3.11242e+13 4.19363e-02 7.98716e-02
3.14125e+13 4.21979e-02 8.01903e-02
3.17034e+13 4.24606e-02 8.05083e-02
3.19971e+13 4.27235e-02 8.08263e-02
3.22934e+13 4.29878e-02 8.11447e-02
3.25925e+13 4.32526e-02 8.14634e-02
3.28944e+13 4.35188e-02 8.17797e-02
3.31991e+13 4.37856e-02 8.20971e-02
3.35066e+13 4.40529e-02 8.24137e-02
3.38169e+13 4.43211e-02 8.27321e-02
3.41301e+13 4.45903e-02 8.30464e-02
3.44463e+13 4.48604e-02 8.33632e-02
3.47653e+13 4.51315e-02 8.36779e-02
3.50873e+13 4.54028e-02 8.39953e-02
3.54123e+13 4.56749e-02 8.43085e-02
3.57403e+13 4.59482e-02 8.46235e-02
3.60713e+13 4.62221e-02 8.49373e-02
3.64054e+13 4.64973e-02 8.52525e-02
3.67426e+13 4.67722e-02 8.55645e-02
3.70829e+13 4.70485e-02 8.58772e-02
3.74264e+13 4.73253e-02 8.61898e-02
3.77730e+13 4.76037e-02 8.65033e-02
3.81229e+13 4.78819e-02 8.68132e-02
3.84760e+13 4.81610e-02 8.71233e-02
3.88324e+13 4.84406e-02 8.74346e-02
3.91921e+13 4.87215e-02 8.77444e-02
3.95551e+13 4.90030e-02 8.80536e-02
3.99214e+13 4.92851e-02 8.83608e-02
4.02912e+13 4.95676e-02 8.86706e-02
4.06644e+13 4.98509e-02 8.89773e-02
4.10410e+13 5.01351e-02 8.92845e-02
4.14211e+13 5.04201e-02 8.95896e-02
4.18048e+13 5.07055e-02 8.98968e-02
4.21920e+13 5.09911e-02 9.02010e-02
4.25828e+13 5.12781e-02 9.05051e-02
4.29772e+13 5.15653e-02 9.08082e-02
4.33753e+13 5.18539e-02 9.11121e-02
4.37770e+13 5.21418e-02 9.14136e-02
4.41825e+13 5.24312e-02 9.17141e-02
4.45917e+13 5.27208e-02 9.20151e-02
4.50047e+13 5.30118e-02 9.23154e-02
4.54216e+13 5.33025e-02 9.26137e-02
4.58423e+13 5.35939e-02 9.29105e-02
4.62669e+13 5.38859e-02 9.32092e-02
4.66954e+13 5.41789e-02 9.35045e-02
4.71279e+13 5.44724e-02 9.38004e-02
4.75644e+13 5.47657e-02 9.40933e-02
4.80050e+13 5.50599e-02 9.43892e-02
4.84496e+13 5.53547e-02 9.46801e-02
4.88983e+13 5.56506e-02 9.49722e-02
4.93513e+13 5.59459e-02 9.52623e-02
4.98084e+13 5.62422e-02 9.55536e-02
5.02697e+13 5.65386e-02 9.58405e-02
5.07353e+13 5.68366e-02 9.61281e-02
5.12052e+13 5.71339e-02 9.64152e-02
5.16795e+13 5.74321e-02 9.67001e-02
5.21582e+13 5.77309e-02 9.69861e-02
5.26412e+13 5.80299e-02 9.72666e-02
5.31288e+13 5.83294e-02 9.75502e-02
5.36209e+13 5.86290e-02 9.78286e-02
5.41176e+13 5.89289e-02 9.81089e-02
5.46188e+13 5.92299e-02 9.83863e-02
5.51247e+13 5.95313e-02 9.86645e-02
5.56353e+13 5.98321e-02 9.89377e-02
5.61506e+13 6.01337e-02 9.92140e-02
5.66707e+13 6.04357e-02 9.94865e-02
5.71955e+13 6.07388e-02 9.97581e-02
5.77253e+13 6.10407e-02 1.00027e-01
5.82600e+13 6.13438e-02 1.00298e-01
5.87996e+13 6.16468e-02 1.00564e-01
5.93442e+13 6.19513e-02 1.00829e-01
5.98939e+13 6.22542e-02 1.01094e-01
6.04486e+13 6.25586e-02 1.01357e-01
6.10085e+13 6.28626e-02 1.01618e-01
6.15736e+13 6.31681e-02 1.01877e-01
6.21439e+13 6.34722e-02 1.02137e-01
6.27195e+13 6.37772e-02 1.02391e-01
6.33004e+13 6.40823e-02 1.02646e-01
6.38867e+13 6.43884e-02 1.02898e-01
6.44784e+13 6.46934e-02 1.03151e-01
6.50756e+13 6.49988e-02 1.03398e-01
6.56784e+13 6.53050e-02 1.03648e-01
6.62867e+13 6.56114e-02 1.03892e-01
6.69006e+13 6.59171e-02 1.04136e-01
6.75203e+13 6.62227e-02 1.04378e-01
6.81457e+13 6.65297e-02 1.04619e-01
6.87769e+13 6.68360e-02 1.04855e-01
6.94139e+13 6.71424e-02 1.05092e-01
7.00568e+13 6.74480e-02 1.05327e-01
7.07057e+13 6.77556e-02 1.05557e-01
7.13606e+13 6.80619e-02 1.05787e-01
7.20215e+13 6.83684e-02 1.06015e-01
7.26886e+13 6.86745e-02 1.06240e-01
7.33619e+13 6.89819e-02 1.06461e-01
7.40414e+13 6.92881e-02 1.06684e-01
7.47271e+13 6.95943e-02 1.06900e-01
7.54193e+13 6.99007e-02 1.07118e-01
7.61178e+13 7.02076e-02 1.07330e-01
7.68228e+13 7.05135e-02 1.07543e-01
7.75344e+13 7.08190e-02 1.07749e-01
7.82525e+13 7.11256e-02 1.07957e-01
7.89773e+13 7.14315e-02 1.08160e-01
7.97088e+13 7.17370e-02 1.08360e-01
8.04471e+13 7.20417e-02 1.08558e-01
8.11922e+13 7.23483e-02 1.08755e-01
8.19442e+13 7.26526e-02 1.08946e-01
8.27032e+13 7.29578e-02 1.09136e-01
8.34692e+13 7.32620e-02 1.09324e-01
8.42423e+13 7.35678e-02 1.09505e-01
8.50226e+13 7.38708e-02 1.09687e-01
8.58101e+13 7.41749e-02 1.09865e-01
8.66049e+13 7.44786e-02 1.10039e-01
8.74070e+13 7.47822e-02 1.10209e-01
8.82166e+13 7.50845e-02 1.10380e-01
8.90337e+13 7.53871e-02 1.10541e-01
8.98583e+13 7.56902e-02 1.10705e-01
9.06906e+13 7.59911e-02 1.10863e-01
9.15306e+13 7.62926e-02 1.11017e-01
9.23784e+13 7.65934e-02 1.11167e-01
9.32340e+13 7.68948e-02 1.11317e-01
9.40976e+13 7.71933e-02 1.11458e-01
9.49691e+13 7.74940e-02 1.11599e-01
9.58487e+13 7.77930e-02 1.11736e-01
9.67365e+13 7.80917e-02 1.11867e-01
9.76325e+13 7.83888e-02 1.11996e-01
9.85368e+13 7.86875e-02 1.12120e-01
9.94495e+13 7.89839e-02 1.12240e-01
1.00371e+14 7.92801e-02 1.12355e-01
1.01300e+14 7.95739e-02 1.12460e-01
1.02239e+14 7.98717e-02 1.12573e-01
1.03185e+14 8.01652e-02 1.12678e-01
1.04141e+14 8.04588e-02 1.12774e-01
1.05106e+14 8.07528e-02 1.12870e-01
1.06079e+14 8.10442e-02 1.12958e-01
1.07062e+14 8.13359e-02 1.13043e-01
1.08053e+14 8.16265e-02 1.13121e-01
1.09054e+14 8.19173e-02 1.13198e-01
1.10064e+14 8.22049e-02 1.13266e-01
1.11084e+14 8.24945e-02 1.13330e-01
1.12113e+14 8.27816e-02 1.13390e-01
1.13151e+14 8.30685e-02 1.13442e-01
1.14199e+14 8.33533e-02 1.13491e-01
1.15257e+14 8.36399e-02 1.13534e-01
1.16324e+14 8.39223e-02 1.13570e-01
1.17402e+14 8.42055e-02 1.13600e-01
1.18489e+14 8.44878e-02 1.13628e-01
1.19587e+14 8.47686e-02 1.13644e-01
1.20694e+14 8.50479e-02 1.13660e-01
1.21812e+14 8.53270e-02 1.13664e-01
1.22940e+14 8.56051e-02 1.13667e-01
1.24079e+14 8.58805e-02 1.13660e-01
1.25228e+14 8.61567e-02 1.13648e-01
1.26388e+14 8.64307e-02 1.13628e-01
1.27559e+14 8.67037e-02 1.13604e-01
1.28740e+14 8.69744e-02 1.13569e-01
1.29933e+14 8.72470e-02 1.13529e-01
1.31136e+14 8.75139e-02 1.13482e-01
1.32351e+14 8.77831e-02 1.13426e-01
1.33577e+14 8.80497e-02 1.13365e-01
1.34814e+14 8.83148e-02 1.13293e-01
1.36063e+14 8.85777e-02 1.13216e-01
1.37323e+14 8.88416e-02 1.13129e-01
1.38595e+14 8.91013e-02 1.13035e-01
1.39878e+14 8.93607e-02 1.12930e-01
1.41174e+14 8.96194e-02 1.12822e-01
1.42482e+14 8.98749e-02 1.12699e-01
1.43801e+14 9.01395e-02 1.12619e-01
1.45133e+14 9.03829e-02 1.12433e-01
1.46477e+14 9.06345e-02 1.12287e-01
1.47834e+14 9.08829e-02 1.12131e-01
1.49203e+14 9.11326e-02 1.11964e-01
1.50585e+14 9.13773e-02 1.11789e-01
1.51980e+14 9.16224e-02 1.11603e-01
1.53388e+14 9.18643e-02 1.11406e-01
1.54808e+14 9.21061e-02 1.11200e-01
1.56242e+14 9.23433e-02 1.10983e-01
1.57689e+14 9.25820e-02 1.10754e-01
1.59150e+14 9.28157e-02 1.10518e-01
1.60624e+14 9.30488e-02 1.10264e-01
1.62112e+14 9.32800e-02 1.10005e-01
1.63613e+14 9.35085e-02 1.09729e-01
1.65129e+14 9.37346e-02 1.09445e-01
1.66658e+14 9.39596e-02 1.09147e-01
1.68202e+14 9.41815e-02 1.08838e-01
1.69760e+14 9.44005e-02 1.08513e-01
1.71332e+14 9.46197e-02 1.08180e-01
1.72919e+14 9.48331e-02 1.07828e-01
1.74521e+14 9.50468e-02 1.07468e-01
1.76137e+14 9.52567e-02 1.07090e-01
1.77768e+14 9.54651e-02 1.06700e-01
1.79415e+14 9.56686e-02 1.06296e-01
1.81077e+14 9.58742e-02 1.05875e-01
1.82754e+14 9.60718e-02 1.05442e-01
1.84447e+14 9.62704e-02 1.04990e-01
1.86155e+14 9.64652e-02 1.04525e-01
1.87879e+14 9.66567e-02 1.04043e-01
1.89619e+14 9.68454e-02 1.03546e-01
1.91376e+14 9.70326e-02 1.03031e-01
1.93148e+14 9.72147e-02 1.02501e-01
1.94937e+14 9.73951e-02 1.01950e-01
1.96743e+14 9.75729e-02 1.01386e-01
1.98565e+14 9.77455e-02 1.00799e-01
2.00404e+14 9.79178e-02 1.00199e-01
2.02260e+14 9.80841e-02 9.95751e-02
2.04134e+14 9.82327e-02 9.88506e-02
2.06024e+14 9.84094e-02 9.82747e-02
2.07933e+14 9.85680e-02 9.75934e-02
2.09859e+14 9.87200e-02 9.69064e-02
2.11802e+14 9.88737e-02 9.62256e-02
2.13764e+14 9.90179e-02 9.55518e-02
2.15744e+14 9.91626e-02 9.48831e-02
2.17742e+14 9.93021e-02 9.42224e-02
2.19759e+14 9.94375e-02 9.35656e-02
2.21795e+14 9.95694e-02 9.29176e-02
2.23849e+14 9.96978e-02 9.22725e-02
2.25922e+14 9.98209e-02 9.16369e-02
2.28015e+14 9.99414e-02 9.10036e-02
2.30127e+14 1.00057e-01 9.03799e-02
2.32258e+14 1.00167e-01 8.97587e-02
2.34409e+14 1.00277e-01 8.91459e-02
2.36580e+14 1.00377e-01 8.85366e-02
2.38772e+14 1.00476e-01 8.79346e-02
2.40983e+14 1.00569e-01 8.73369e-02
2.43215e+14 1.00659e-01 8.67455e-02
2.45468e+14 1.00742e-01 8.61591e-02
2.47742e+14 1.00823e-01 8.55780e-02
2.50036e+14 1.00895e-01 8.50028e-02
2.52352e+14 1.00967e-01 8.44319e-02
2.54689e+14 1.01030e-01 8.38676e-02
2.57048e+14 1.01090e-01 8.33065e-02
2.59429e+14 1.01144e-01 8.27529e-02
2.61832e+14 1.01192e-01 8.22015e-02
2.64257e+14 1.01236e-01 8.16584e-02
2.66705e+14 1.01273e-01 8.11169e-02
2.69175e+14 1.01305e-01 8.05836e-02
2.71668e+14 1.01331e-01 8.00523e-02
2.74185e+14 1.01351e-01 7.95281e-02
2.76724e+14 1.01364e-01 7.90068e-02
2.79287e+14 1.01374e-01 7.84917e-02
2.81874e+14 1.01373e-01 7.79800e-02
2.84485e+14 1.01371e-01 7.74737e-02
2.87120e+14 1.01358e-01 7.69716e-02
2.89779e+14 1.01342e-01 7.64740e-02
2.92463e+14 1.01317e-01 7.59812e-02
2.95172e+14 1.01261e-01 7.54372e-02
2.97906e+14 1.01248e-01 7.50084e-02
3.00665e+14 1.01203e-01 7.45275e-02
3.03450e+14 1.01150e-01 7.40528e-02
3.06260e+14 1.01092e-01 7.35800e-02
3.09097e+14 1.01023e-01 7.31141e-02
3.11960e+14 1.00948e-01 7.26496e-02
3.14849e+14 1.00867e-01 7.21919e-02
3.17766e+14 1.00774e-01 7.17359e-02
3.20709e+14 1.00678e-01 7.12860e-02
3.23679e+14 1.00569e-01 7.08384e-02
3.26677e+14 1.00455e-01 7.03960e-02
3.29703e+14 1.00330e-01 6.99565e-02
3.32757e+14 1.00199e-01 6.95215e-02
3.35839e+14 1.00056e-01 6.90900e-02
3.38950e+14 9.99070e-02 6.86622e-02
3.42089e+14 9.97460e-02 6.82386e-02
3.45257e+14 9.95792e-02 6.78179e-02
3.48455e+14 9.93987e-02 6.74019e-02
3.51683e+14 9.92125e-02 6.69882e-02
3.54940e+14 9.90130e-02 6.65797e-02
3.58228e+14 9.88052e-02 6.61728e-02
3.61546e+14 9.85872e-02 6.57717e-02
3.64894e+14 9.83571e-02 6.53717e-02
3.68274e+14 9.81189e-02 6.49776e-02
3.71685e+14 9.78666e-02 6.45848e-02
3.75128e+14 9.76059e-02 6.41971e-02
3.78602e+14 9.73321e-02 6.38113e-02
3.82109e+14 9.70481e-02 6.34299e-02
3.85648e+14 9.67512e-02 6.30510e-02
3.89220e+14 9.64435e-02 6.26758e-02
3.92825e+14 9.61213e-02 6.23036e-02
3.96463e+14 9.57905e-02 6.19345e-02
4.00135e+14 9.54427e-02 6.15690e-02
4.03842e+14 9.50870e-02 6.12058e-02
4.07582e+14 9.47127e-02 6.08467e-02
4.11357e+14 9.43289e-02 6.04894e-02
4.15167e+14 9.39292e-02 6.01366e-02
4.19013e+14 9.35163e-02 5.97850e-02
4.22894e+14 9.30901e-02 5.94384e-02
4.26811e+14 9.26470e-02 5.90926e-02
4.30764e+14 9.21920e-02 5.87519e-02
4.34754e+14 9.17985e-02 5.84782e-02
4.38780e+14 9.12329e-02 5.80768e-02
4.42844e+14 9.07294e-02 5.77430e-02
4.46946e+14 9.02114e-02 5.74130e-02
4.51086e+14 8.96762e-02 5.70850e-02
4.55264e+14 8.91249e-02 5.67601e-02
4.59481e+14 8.85552e-02 5.64378e-02
4.63736e+14 8.79709e-02 5.61181e-02
4.68032e+14 8.73659e-02 5.58013e-02
4.72367e+14 8.67466e-02 5.54866e-02
4.76742e+14 8.61049e-02 5.51753e-02
4.81157e+14 8.54487e-02 5.48655e-02
4.85614e+14 8.47744e-02 5.45595e-02
4.90112e+14 8.41072e-02 5.42546e-02
4.94651e+14 8.34463e-02 5.39538e-02
4.99233e+14 8.27921e-02 5.36537e-02
5.03857e+14 8.21449e-02 5.33579e-02
5.08524e+14 8.15033e-02 5.30630e-02
5.13234e+14 8.08696e-02 5.27717e-02
5.17987e+14 8.02404e-02 5.24817e-02
5.22785e+14 7.96198e-02 5.21949e-02
5.27627e+14 7.90027e-02 5.19098e-02
5.32514e+14 7.83949e-02 5.16274e-02
5.37446e+14 7.77900e-02 5.13471e-02
5.42424e+14 7.71944e-02 5.10690e-02
5.47448e+14 7.66020e-02 5.07934e-02
5.52519e+14 7.60178e-02 5.05196e-02
5.57637e+14 7.54375e-02 5.02486e-02
5.62801e+14 7.48645e-02 4.99789e-02
5.68014e+14 7.42960e-02 4.97124e-02
5.73275e+14 7.37340e-02 4.94467e-02
5.78585e+14 7.31772e-02 4.91846e-02
5.83944e+14 7.26258e-02 4.89231e-02
5.89353e+14 7.20803e-02 4.86652e-02
5.94811e+14 7.15394e-02 4.84080e-02
6.00321e+14 7.10050e-02 4.81539e-02
6.05881e+14 7.04743e-02 4.79010e-02
6.11493e+14 6.99508e-02 4.76507e-02
6.17156e+14 6.94302e-02 4.74018e-02
6.22873e+14 6.89173e-02 4.71552e-02
6.28642e+14 6.84067e-02 4.69105e-02
6.34464e+14 6.79039e-02 4.66675e-02
6.40341e+14 6.74036e-02 4.64267e-02
6.46272e+14 6.69648e-02 4.62250e-02
6.52258e+14 6.64200e-02 4.59504e-02
6.58299e+14 6.59359e-02 4.57145e-02
6.64396e+14 6.54555e-02 4.54814e-02
6.70550e+14 6.49804e-02 4.52490e-02
6.76761e+14 6.45097e-02 4.50196e-02
6.83029e+14 6.40434e-02 4.47907e-02
6.89356e+14 6.35821e-02 4.45648e-02
6.95741e+14 6.31245e-02 4.43396e-02
7.02185e+14 6.26724e-02 4.41170e-02
7.08688e+14 6.22233e-02 4.38953e-02
7.15252e+14 6.17802e-02 4.36759e-02
7.21877e+14 6.13393e-02 4.34577e-02
7.28563e+14 6.09050e-02 4.32414e-02
7.35311e+14 6.04725e-02 4.30267e-02
7.42122e+14 6.00466e-02 4.28135e-02
7.48996e+14 5.96227e-02 4.26021e-02
7.55933e+14 5.92046e-02 4.23919e-02
7.62935e+14 5.87890e-02 4.21838e-02
7.70001e+14 5.83786e-02 4.19767e-02
7.77133e+14 5.79712e-02 4.17718e-02
7.84331e+14 5.75682e-02 4.15675e-02
7.91596e+14 5.71688e-02 4.13658e-02
7.98928e+14 5.67732e-02 4.11645e-02
8.06327e+14 5.63816e-02 4.09658e-02
8.13796e+14 5.59931e-02 4.07676e-02
8.21333e+14 5.56092e-02 4.05717e-02
8.28941e+14 5.52278e-02 4.03765e-02
8.36618e+14 5.48514e-02 4.01833e-02
8.44367e+14 5.44768e-02 3.99911e-02
8.52188e+14 5.41077e-02 3.98005e-02
8.60081e+14 5.37400e-02 3.96112e-02
8.68047e+14 5.33779e-02 3.94233e-02
8.76087e+14 5.30174e-02 3.92369e-02
8.84202e+14 5.26618e-02 3.90515e-02
8.92391e+14 5.23082e-02 3.88678e-02
9.00657e+14 5.19589e-02 3.86850e-02
9.08999e+14 5.16122e-02 3.85041e-02
9.17418e+14 5.12691e-02 3.83237e-02
9.25916e+14 5.09290e-02 3.81455e-02
9.34492e+14 5.05920e-02 3.79677e-02
9.43147e+14 5.02584e-02 3.77920e-02
9.51883e+14 4.99274e-02 3.76168e-02
9.60699e+14 4.96002e-02 3.74435e-02
9.69597e+14 4.92750e-02 3.72709e-02
9.78578e+14 4.89865e-02 3.71245e-02
9.87642e+14 4.86345e-02 3.69297e-02
9.96790e+14 4.83197e-02 3.67610e-02
1.00602e+15 4.80060e-02 3.65934e-02
1.01534e+15 4.76970e-02 3.64269e-02
1.02474e+15 4.73892e-02 3.62617e-02
1.03424e+15 4.70855e-02 3.60973e-02
1.04381e+15 4.67835e-02 3.59345e-02
1.05348e+15 4.64852e-02 3.57723e-02
1.06324e+15 4.61889e-02 3.56118e-02
1.07309e+15 4.58960e-02 3.54521e-02
1.08303e+15 4.56050e-02 3.52936e-02
1.09306e+15 4.53168e-02 3.51357e-02
1.10318e+15 4.50316e-02 3.49796e-02
1.11340e+15 4.47484e-02 3.48240e-02
1.12371e+15 4.44684e-02 3.46699e-02
1.13412e+15 4.41901e-02 3.45165e-02
1.14463e+15 4.39154e-02 3.43644e-02
1.15523e+15 4.36418e-02 3.42131e-02
1.16593e+15 4.33722e-02 3.40629e-02
1.17673e+15 4.31034e-02 3.39137e-02
1.18763e+15 4.28386e-02 3.37655e-02
1.19863e+15 4.25748e-02 3.36183e-02
1.20973e+15 4.23145e-02 3.34720e-02
1.22093e+15 4.20556e-02 3.33269e-02
1.23224e+15 4.17997e-02 3.31823e-02
1.24365e+15 4.15455e-02 3.30392e-02
1.25517e+15 4.12939e-02 3.28965e-02
1.26680e+15 4.10444e-02 3.27553e-02
1.27853e+15 4.07970e-02 3.26144e-02
1.29037e+15 4.05521e-02 3.24751e-02
1.30233e+15 4.03088e-02 3.23361e-02
1.31439e+15 4.00683e-02 3.21985e-02
1.32656e+15 3.98292e-02 3.20614e-02
1.33885e+15 3.95930e-02 3.19255e-02
1.35125e+15 3.93578e-02 3.17902e-02
1.36377e+15 3.91260e-02 3.16559e-02
1.37640e+15 3.88948e-02 3.15225e-02
1.38915e+15 3.86670e-02 3.13898e-02
1.40201e+15 3.84399e-02 3.12581e-02
1.41500e+15 3.82159e-02 3.11271e-02
1.42810e+15 3.79929e-02 3.09971e-02
1.44133e+15 3.77725e-02 3.08677e-02
1.45468e+15 3.75536e-02 3.07394e-02
1.46815e+15 3.73368e-02 3.06115e-02
1.48175e+15 3.71217e-02 3.04848e-02
1.49548e+15 3.69085e-02 3.03585e-02
1.50933e+15 3.66874e-02 3.02253e-02
1.52331e+15 3.64875e-02 3.01088e-02
1.53742e+15 3.62800e-02 2.99852e-02
1.55166e+15 3.60740e-02 2.98624e-02
1.56603e+15 3.58697e-02 2.97400e-02
1.58053e+15 3.56667e-02 2.96185e-02
1.59517e+15 3.54664e-02 2.94978e-02
1.60995e+15 3.52667e-02 2.93778e-02
1.62486e+15 3.50699e-02 2.92585e-02
1.63991e+15 3.48737e-02 2.91400e-02
1.65510e+15 3.46800e-02 2.90221e-02
1.67043e+15 3.44872e-02 2.89051e-02
1.68590e+15 3.42965e-02 2.87885e-02
1.70151e+15 3.41071e-02 2.86730e-02
1.71727e+15 3.39195e-02 2.85578e-02
1.73318e+15 3.37333e-02 2.84436e-02
1.74923e+15 3.35487e-02 2.83298e-02
1.76543e+15 3.33657e-02 2.82170e-02
1.78179e+15 3.31840e-02 2.81045e-02
1.79829e+15 3.30042e-02 2.79930e-02
1.81495e+15 3.28253e-02 2.78819e-02
1.83176e+15 3.26486e-02 2.77717e-02
1.84872e+15 3.24725e-02 2.76619e-02
1.86585e+15 3.22987e-02 2.75529e-02
1.88313e+15 3.21255e-02 2.74445e-02
1.90057e+15 3.19546e-02 2.73366e-02
1.91817e+15 3.17843e-02 2.72295e-02
1.93594e+15 3.16161e-02 2.71229e-02
1.95387e+15 3.14486e-02 2.70170e-02
1.97197e+15 3.12830e-02 2.69116e-02
1.99023e+15 3.11183e-02 2.68070e-02
2.00867e+15 3.09552e-02 2.67027e-02
2.02727e+15 3.07934e-02 2.65993e-02
2.04605e+15 3.06328e-02 2.64961e-02
2.06500e+15 3.04736e-02 2.63939e-02
2.08413e+15 3.03154e-02 2.62920e-02
2.10343e+15 3.01589e-02 2.61909e-02
2.12291e+15 3.00031e-02 2.60901e-02
2.14257e+15 2.98492e-02 2.59901e-02
2.16242e+15 2.96958e-02 2.58905e-02
2.18245e+15 2.95444e-02 2.57915e-02
2.20266e+15 2.93934e-02 2.56930e-02
2.22306e+15 2.92443e-02 2.55951e-02
2.24365e+15 2.90958e-02 2.54978e-02
2.26443e+15 2.89490e-02 2.54009e-02
2.28541e+15 2.88029e-02 2.53046e-02
2.30658e+15 2.86583e-02 2.52088e-02
2.32794e+15 2.85146e-02 2.51136e-02
2.34950e+15 2.83721e-02 2.50187e-02
2.37126e+15 2.82307e-02 2.49246e-02
2.39323e+15 2.80968e-02 2.48364e-02
2.41539e+15 2.79512e-02 2.47376e-02
2.43777e+15 2.78129e-02 2.46448e-02
2.46034e+15 2.76760e-02 2.45527e-02
2.48313e+15 2.75397e-02 2.44608e-02
2.50613e+15 2.74050e-02 2.43696e-02
2.52934e+15 2.72707e-02 2.42788e-02
2.55277e+15 2.71381e-02 2.41886e-02
2.57642e+15 2.70059e-02 2.40987e-02
2.60028e+15 2.68753e-02 2.40094e-02
2.62436e+15 2.67451e-02 2.39205e-02
2.64867e+15 2.66164e-02 2.38320e-02
2.67320e+15 2.64883e-02 2.37441e-02
2.69796e+15 2.63615e-02 2.36566e-02
2.72295e+15 2.62353e-02 2.35696e-02
2.74817e+15 2.61103e-02 2.34829e-02
2.77363e+15 2.59862e-02 2.33968e-02
2.79932e+15 2.58629e-02 2.33110e-02
2.82524e+15 2.57407e-02 2.32258e-02
2.85141e+15 2.56192e-02 2.31409e-02
2.87782e+15 2.54988e-02 2.30565e-02
2.90448e+15 2.53790e-02 2.29725e-02
2.93138e+15 2.52605e-02 2.28890e-02
2.95853e+15 2.51424e-02 2.28058e-02
2.98593e+15 2.50257e-02 2.27231e-02
3.01359e+15 2.49093e-02 2.26408e-02
3.04150e+15 2.47943e-02 2.25589e-02
3.06967e+15 2.46805e-02 2.24781e-02
3.09810e+15 2.45663e-02 2.23963e-02
3.12680e+15 2.44534e-02 2.23156e-02
3.15576e+15 2.43416e-02 2.22353e-02
