3.15576e+11 9.99955e-01 9.99954e-01
3.18499e+11 9.99955e-01 9.99955e-01
3.21449e+11 9.99955e-01 9.99954e-01
3.24426e+11 9.99955e-01 9.99955e-01
3.27431e+11 9.99954e-01 9.99954e-01
3.30464e+11 9.99954e-01 9.99954e-01
3.33525e+11 9.99954e-01 9.99954e-01
3.36614e+11 9.99954e-01 9.99954e-01
3.39732e+11 9.99954e-01 9.99954e-01
3.42878e+11 9.99954e-01 9.99954e-01
3.46054e+11 9.99954e-01 9.99954e-01
3.49259e+11 9.99954e-01 9.99954e-01
3.52494e+11 9.99954e-01 9.99954e-01
3.55759e+11 9.99953e-01 9.99953e-01
3.59054e+11 9.99953e-01 9.99953e-01
3.62380e+11 9.99953e-01 9.99953e-01
3.65736e+11 9.99953e-01 9.99953e-01
3.69124e+11 9.99953e-01 9.99952e-01
3.72543e+11 9.99953e-01 9.99953e-01
3.75993e+11 9.99953e-01 9.99952e-01
3.79476e+11 9.99953e-01 9.99953e-01
3.82991e+11 9.99952e-01 9.99952e-01
3.86538e+11 9.99952e-01 9.99952e-01
3.90118e+11 9.99952e-01 9.99952e-01
3.93731e+11 9.99952e-01 9.99952e-01
3.97378e+11 9.99952e-01 9.99952e-01
4.01059e+11 9.99952e-01 9.99952e-01
4.04774e+11 9.99952e-01 9.99952e-01
4.08523e+11 9.99951e-01 9.99951e-01
4.12306e+11 9.99951e-01 9.99951e-01
4.16125e+11 9.99951e-01 9.99951e-01
4.19979e+11 9.99951e-01 9.99951e-01
4.23869e+11 9.99951e-01 9.99950e-01
4.27795e+11 9.99951e-01 9.99951e-01
4.31758e+11 9.99951e-01 9.99950e-01
4.35757e+11 9.99950e-01 9.99951e-01
4.39793e+11 9.99950e-01 9.99950e-01
4.43866e+11 9.99950e-01 9.99950e-01
4.47977e+11 9.99950e-01 9.99950e-01
4.52127e+11 9.99950e-01 9.99950e-01
4.56314e+11 9.99950e-01 9.99950e-01
4.60541e+11 9.99949e-01 9.99950e-01
4.64806e+11 9.99949e-01 9.99949e-01
4.69112e+11 9.99949e-01 9.99949e-01
4.73457e+11 9.99949e-01 9.99949e-01
4.77842e+11 9.99949e-01 9.99948e-01
4.82268e+11 9.99948e-01 9.99949e-01
4.86735e+11 9.99948e-01 9.99948e-01
4.91243e+11 9.99948e-01 9.99949e-01
4.95793e+11 9.99948e-01 9.99948e-01
5.00385e+11 9.99948e-01 9.99948e-01
5.05020e+11 9.99948e-01 9.99947e-01
5.09697e+11 9.99947e-01 9.99948e-01
5.14418e+11 9.99947e-01 9.99946e-01
5.19183e+11 9.99947e-01 9.99947e-01
5.23991e+11 9.99947e-01 9.99946e-01
5.28845e+11 9.99947e-01 9.99947e-01
5.33743e+11 9.99946e-01 9.99946e-01
5.38687e+11 9.99946e-01 9.99947e-01
5.43676e+11 9.99946e-01 9.99946e-01
5.48712e+11 9.99946e-01 9.99946e-01
5.53794e+11 9.99945e-01 9.99946e-01
5.58923e+11 9.99945e-01 9.99945e-01
5.64100e+11 9.99945e-01 9.99945e-01
5.69325e+11 9.99945e-01 9.99944e-01
5.74598e+11 9.99945e-01 9.99945e-01
5.79920e+11 9.99944e-01 9.99944e-01
5.85292e+11 9.99944e-01 9.99945e-01
5.90713e+11 9.99944e-01 9.99943e-01
5.96184e+11 9.99944e-01 9.99944e-01
6.01706e+11 9.99943e-01 9.99942e-01
6.07279e+11 9.99943e-01 9.99943e-01
6.12904e+11 9.99943e-01 9.99942e-01
6.18581e+11 9.99943e-01 9.99943e-01
6.24310e+11 9.99942e-01 9.99942e-01
6.30092e+11 9.99942e-01 9.99942e-01
6.35928e+11 9.99942e-01 9.99942e-01
6.41819e+11 9.99942e-01 9.99942e-01
6.47763e+11 9.99941e-01 9.99942e-01
6.53763e+11 9.99941e-01 9.99940e-01
6.59818e+11 9.99941e-01 9.99941e-01
6.65930e+11 9.99940e-01 9.99939e-01
6.72098e+11 9.99940e-01 9.99940e-01
6.78323e+11 9.99940e-01 9.99938e-01
6.84605e+11 9.99939e-01 9.99940e-01
6.90946e+11 9.99939e-01 9.99938e-01
6.97346e+11 9.99939e-01 9.99940e-01
7.03805e+11 9.99938e-01 9.99938e-01
7.10324e+11 9.99938e-01 9.99939e-01
7.16903e+11 9.99938e-01 9.99937e-01
7.23543e+11 9.99938e-01 9.99938e-01
7.30245e+11 9.99937e-01 9.99937e-01
7.37008e+11 9.99937e-01 9.99937e-01
7.43835e+11 9.99936e-01 9.99936e-01
7.50724e+11 9.99936e-01 9.99936e-01
7.57677e+11 9.99936e-01 9.99936e-01
7.64695e+11 9.99936e-01 9.99935e-01
7.71778e+11 9.99935e-01 9.99936e-01
7.78926e+11 9.99935e-01 9.99934e-01
7.86141e+11 9.99934e-01 9.99936e-01
7.93422e+11 9.99934e-01 9.99932e-01
8.00771e+11 9.99934e-01 9.99934e-01
8.08188e+11 9.99933e-01 9.99931e-01
8.15674e+11 9.99933e-01 9.99933e-01
8.23228e+11 9.99932e-01 9.99931e-01
8.30853e+11 9.99932e-01 9.99933e-01
8.38549e+11 9.99932e-01 9.99930e-01
8.46316e+11 9.99931e-01 9.99932e-01
8.54154e+11 9.99931e-01 9.99931e-01
8.62066e+11 9.99931e-01 9.99931e-01
8.70050e+11 9.99930e-01 9.99931e-01
8.78109e+11 9.99930e-01 9.99930e-01
8.86242e+11 9.99929e-01 9.99930e-01
8.94451e+11 9.99929e-01 9.99928e-01
9.02735e+11 9.99928e-01 9.99929e-01
9.11097e+11 9.99928e-01 9.99926e-01
9.19535e+11 9.99927e-01 9.99928e-01
9.28052e+11 9.99927e-01 9.99924e-01
9.36648e+11 9.99927e-01 9.99927e-01
9.45323e+11 9.99926e-01 9.99923e-01
9.54079e+11 9.99926e-01 9.99926e-01
9.62916e+11 9.99925e-01 9.99923e-01
9.71835e+11 9.99925e-01 9.99926e-01
9.80836e+11 9.99924e-01 9.99923e-01
9.89921e+11 9.99924e-01 9.99925e-01
9.99090e+11 9.99923e-01 9.99923e-01
1.00834e+12 9.99923e-01 9.99923e-01
1.01768e+12 9.99922e-01 9.99922e-01
1.02711e+12 9.99922e-01 9.99921e-01
1.03662e+12 9.99921e-01 9.99921e-01
1.04622e+12 9.99920e-01 9.99919e-01
1.05591e+12 9.99920e-01 9.99920e-01
1.06569e+12 9.99919e-01 9.99917e-01
1.07556e+12 9.99918e-01 9.99919e-01
1.08553e+12 9.99918e-01 9.99914e-01
1.09558e+12 9.99917e-01 9.99918e-01
1.10573e+12 9.99917e-01 9.99913e-01
1.11597e+12 9.99916e-01 9.99917e-01
1.12631e+12 9.99916e-01 9.99913e-01
1.13674e+12 9.99915e-01 9.99917e-01
1.14727e+12 9.99914e-01 9.99914e-01
1.15789e+12 9.99914e-01 9.99915e-01
1.16862e+12 9.99913e-01 9.99913e-01
1.17944e+12 9.99913e-01 9.99913e-01
1.19037e+12 9.99911e-01 9.99911e-01
1.20139e+12 9.99911e-01 9.99910e-01
1.21252e+12 9.99910e-01 9.99910e-01
1.22375e+12 9.99910e-01 9.99908e-01
1.23508e+12 9.99909e-01 9.99909e-01
1.24652e+12 9.99909e-01 9.99905e-01
1.25807e+12 9.99908e-01 9.99908e-01
1.26972e+12 9.99907e-01 9.99902e-01
1.28148e+12 9.99906e-01 9.99907e-01
1.29335e+12 9.99905e-01 9.99900e-01
1.30533e+12 9.99905e-01 9.99905e-01
1.31742e+12 9.99904e-01 9.99900e-01
1.32962e+12 9.99903e-01 9.99904e-01
1.34194e+12 9.99902e-01 9.99900e-01
1.35437e+12 9.99902e-01 9.99903e-01
1.36691e+12 9.99900e-01 9.99900e-01
1.37957e+12 9.99900e-01 9.99901e-01
1.39235e+12 9.99898e-01 9.99900e-01
1.40525e+12 9.99899e-01 9.99898e-01
1.41826e+12 9.99897e-01 9.99898e-01
1.43140e+12 9.99897e-01 9.99895e-01
1.44466e+12 9.99895e-01 9.99896e-01
1.45804e+12 9.99895e-01 9.99891e-01
1.47154e+12 9.99894e-01 9.99895e-01
1.48517e+12 9.99893e-01 9.99887e-01
1.49893e+12 9.99892e-01 9.99893e-01
1.51281e+12 9.99891e-01 9.99884e-01
1.52682e+12 9.99891e-01 9.99890e-01
1.54096e+12 9.99889e-01 9.99883e-01
1.55524e+12 9.99889e-01 9.99888e-01
1.56964e+12 9.99887e-01 9.99883e-01
1.58418e+12 9.99887e-01 9.99885e-01
1.59885e+12 9.99885e-01 9.99882e-01
1.61366e+12 9.99885e-01 9.99883e-01
1.62861e+12 9.99882e-01 9.99881e-01
1.64369e+12 9.99883e-01 9.99879e-01
1.65892e+12 9.99880e-01 9.99880e-01
1.67428e+12 9.99880e-01 9.99876e-01
1.68979e+12 9.99879e-01 9.99878e-01
1.70544e+12 9.99878e-01 9.99872e-01
1.72124e+12 9.99877e-01 9.99877e-01
1.73718e+12 9.99876e-01 9.99868e-01
1.75327e+12 9.99875e-01 9.99875e-01
1.76951e+12 9.99874e-01 9.99865e-01
1.78590e+12 9.99873e-01 9.99873e-01
1.80244e+12 9.99871e-01 9.99864e-01
1.81913e+12 9.99870e-01 9.99870e-01
1.83598e+12 9.99868e-01 9.99864e-01
1.85299e+12 9.99868e-01 9.99868e-01
1.87015e+12 9.99865e-01 9.99863e-01
1.88747e+12 9.99865e-01 9.99864e-01
1.90496e+12 9.99862e-01 9.99862e-01
1.92260e+12 9.99863e-01 9.99861e-01
1.94041e+12 9.99860e-01 9.99861e-01
1.95838e+12 9.99860e-01 9.99857e-01
1.97652e+12 9.99858e-01 9.99860e-01
1.99482e+12 9.99858e-01 9.99852e-01
2.01330e+12 9.99856e-01 9.99857e-01
2.03195e+12 9.99855e-01 9.99846e-01
2.05077e+12 9.99853e-01 9.99854e-01
2.06976e+12 9.99852e-01 9.99842e-01
2.08893e+12 9.99851e-01 9.99851e-01
2.10828e+12 9.99849e-01 9.99841e-01
2.12781e+12 9.99848e-01 9.99847e-01
2.14752e+12 9.99845e-01 9.99839e-01
2.16741e+12 9.99845e-01 9.99843e-01
2.18748e+12 9.99841e-01 9.99838e-01
2.20774e+12 9.99842e-01 9.99839e-01
2.22819e+12 9.99838e-01 9.99836e-01
2.24883e+12 9.99838e-01 9.99834e-01
2.26966e+12 9.99835e-01 9.99834e-01
2.29068e+12 9.99835e-01 9.99828e-01
2.31190e+12 9.99832e-01 9.99832e-01
2.33331e+12 9.99832e-01 9.99822e-01
2.35492e+12 9.99829e-01 9.99829e-01
2.37674e+12 9.99828e-01 9.99816e-01
2.39875e+12 9.99826e-01 9.99825e-01
2.42097e+12 9.99824e-01 9.99810e-01
2.44339e+12 9.99823e-01 9.99822e-01
2.46602e+12 9.99820e-01 9.99809e-01
2.48886e+12 9.99820e-01 9.99818e-01
2.51191e+12 9.99816e-01 9.99808e-01
2.53518e+12 9.99816e-01 9.99813e-01
2.55866e+12 9.99812e-01 9.99807e-01
2.58236e+12 9.99813e-01 9.99808e-01
2.60628e+12 9.99808e-01 9.99805e-01
2.63042e+12 9.99809e-01 9.99802e-01
2.65478e+12 9.99805e-01 9.99801e-01
2.67937e+12 9.99805e-01 9.99794e-01
2.70419e+12 9.99801e-01 9.99798e-01
2.72923e+12 9.99801e-01 9.99786e-01
2.75451e+12 9.99797e-01 9.99793e-01
2.78003e+12 9.99796e-01 9.99778e-01
2.80578e+12 9.99793e-01 9.99789e-01
2.83176e+12 9.99791e-01 9.99770e-01
2.85799e+12 9.99789e-01 9.99783e-01
2.88446e+12 9.99786e-01 9.99768e-01
2.91118e+12 9.99785e-01 9.99777e-01
2.93814e+12 9.99781e-01 9.99765e-01
2.96536e+12 9.99781e-01 9.99770e-01
2.99282e+12 9.99775e-01 9.99762e-01
3.02054e+12 9.99776e-01 9.99763e-01
3.04852e+12 9.99769e-01 9.99759e-01
3.07676e+12 9.99771e-01 9.99755e-01
3.10525e+12 9.99765e-01 9.99755e-01
3.13401e+12 9.99766e-01 9.99746e-01
3.16304e+12 9.99761e-01 9.99750e-01
3.19234e+12 9.99761e-01 9.99737e-01
3.22191e+12 9.99757e-01 9.99745e-01
3.25175e+12 9.99755e-01 9.99727e-01
3.28187e+12 9.99752e-01 9.99739e-01
3.31226e+12 9.99749e-01 9.99718e-01
3.34294e+12 9.99747e-01 9.99733e-01
3.37391e+12 9.99743e-01 9.99716e-01
3.40516e+12 9.99742e-01 9.99727e-01
3.43670e+12 9.99736e-01 9.99714e-01
3.46853e+12 9.99737e-01 9.99719e-01
3.50065e+12 9.99730e-01 9.99711e-01
3.53308e+12 9.99731e-01 9.99712e-01
3.56580e+12 9.99723e-01 9.99708e-01
3.59883e+12 9.99725e-01 9.99704e-01
3.63216e+12 9.99718e-01 9.99704e-01
3.66580e+12 9.99719e-01 9.99695e-01
3.69976e+12 9.99713e-01 9.99700e-01
3.73402e+12 9.99712e-01 9.99684e-01
3.76861e+12 9.99708e-01 9.99692e-01
3.80351e+12 9.99706e-01 9.99670e-01
3.83874e+12 9.99702e-01 9.99683e-01
3.87430e+12 9.99698e-01 9.99658e-01
3.91018e+12 9.99696e-01 9.99674e-01
3.94640e+12 9.99691e-01 9.99653e-01
3.98295e+12 9.99690e-01 9.99664e-01
4.01984e+12 9.99683e-01 9.99648e-01
4.05708e+12 9.99683e-01 9.99654e-01
4.09465e+12 9.99674e-01 9.99643e-01
4.13258e+12 9.99676e-01 9.99643e-01
4.17085e+12 9.99666e-01 9.99638e-01
4.20949e+12 9.99669e-01 9.99632e-01
4.24848e+12 9.99660e-01 9.99632e-01
4.28783e+12 9.99661e-01 9.99621e-01
4.32754e+12 9.99654e-01 9.99627e-01
4.36762e+12 9.99653e-01 9.99609e-01
4.40808e+12 9.99647e-01 9.99621e-01
4.44890e+12 9.99645e-01 9.99598e-01
4.49011e+12 9.99639e-01 9.99610e-01
4.53170e+12 9.99636e-01 9.99582e-01
4.57367e+12 9.99633e-01 9.99599e-01
4.61604e+12 9.99627e-01 9.99574e-01
4.65879e+12 9.99625e-01 9.99586e-01
4.70194e+12 9.99617e-01 9.99567e-01
4.74549e+12 9.99617e-01 9.99573e-01
4.78944e+12 9.99607e-01 9.99560e-01
4.83381e+12 9.99609e-01 9.99559e-01
4.87858e+12 9.99597e-01 9.99552e-01
4.92376e+12 9.99600e-01 9.99546e-01
4.96937e+12 9.99590e-01 9.99545e-01
5.01540e+12 9.99591e-01 9.99532e-01
5.06185e+12 9.99582e-01 9.99538e-01
5.10873e+12 9.99582e-01 9.99519e-01
5.15605e+12 9.99575e-01 9.99530e-01
5.20381e+12 9.99572e-01 9.99500e-01
5.25201e+12 9.99567e-01 9.99515e-01
5.30065e+12 9.99562e-01 9.99481e-01
5.34975e+12 9.99558e-01 9.99499e-01
5.39930e+12 9.99550e-01 9.99471e-01
5.44931e+12 9.99548e-01 9.99484e-01
5.49978e+12 9.99538e-01 9.99463e-01
5.55072e+12 9.99538e-01 9.99469e-01
5.60213e+12 9.99524e-01 9.99455e-01
5.65402e+12 9.99527e-01 9.99455e-01
5.70639e+12 9.99512e-01 9.99447e-01
5.75924e+12 9.99516e-01 9.99441e-01
5.81258e+12 9.99502e-01 9.99440e-01
5.86642e+12 9.99504e-01 9.99421e-01
5.92076e+12 9.99492e-01 9.99423e-01
5.97560e+12 9.99491e-01 9.99396e-01
6.03094e+12 9.99482e-01 9.99405e-01
6.08680e+12 9.99479e-01 9.99372e-01
6.14318e+12 9.99472e-01 9.99390e-01
6.20008e+12 9.99465e-01 9.99353e-01
6.25751e+12 9.99461e-01 9.99375e-01
6.31546e+12 9.99452e-01 9.99345e-01
6.37396e+12 9.99450e-01 9.99361e-01
6.43300e+12 9.99437e-01 9.99339e-01
6.49258e+12 9.99438e-01 9.99344e-01
6.55272e+12 9.99423e-01 9.99323e-01
6.61341e+12 9.99426e-01 9.99318e-01
6.67466e+12 9.99409e-01 9.99306e-01
6.73648e+12 9.99414e-01 9.99294e-01
6.79888e+12 9.99398e-01 9.99289e-01
6.86185e+12 9.99399e-01 9.99270e-01
6.92541e+12 9.99385e-01 9.99274e-01
6.98955e+12 9.99383e-01 9.99247e-01
7.05429e+12 9.99372e-01 9.99261e-01
7.11963e+12 9.99367e-01 9.99227e-01
7.18557e+12 9.99358e-01 9.99241e-01
7.25213e+12 9.99350e-01 9.99196e-01
7.31930e+12 9.99345e-01 9.99216e-01
7.38709e+12 9.99333e-01 9.99178e-01
7.45551e+12 9.99330e-01 9.99191e-01
7.52456e+12 9.99315e-01 9.99163e-01
7.59426e+12 9.99316e-01 9.99169e-01
7.66460e+12 9.99297e-01 9.99150e-01
7.73559e+12 9.99301e-01 9.99148e-01
7.80724e+12 9.99280e-01 9.99136e-01
7.87955e+12 9.99287e-01 9.99118e-01
7.95253e+12 9.99268e-01 9.99109e-01
8.02619e+12 9.99269e-01 9.99084e-01
8.10053e+12 9.99249e-01 9.99083e-01
8.17556e+12 9.99249e-01 9.99052e-01
8.25128e+12 9.99235e-01 9.99063e-01
8.32771e+12 9.99229e-01 9.99022e-01
8.40484e+12 9.99219e-01 9.99044e-01
8.48269e+12 9.99209e-01 9.98996e-01
8.56125e+12 9.99202e-01 9.99014e-01
8.64055e+12 9.99188e-01 9.98970e-01
8.72058e+12 9.99185e-01 9.98981e-01
8.80135e+12 9.99167e-01 9.98947e-01
8.88287e+12 9.99168e-01 9.98950e-01
8.96515e+12 9.99146e-01 9.98926e-01
9.04818e+12 9.99151e-01 9.98922e-01
9.13199e+12 9.99124e-01 9.98910e-01
9.21657e+12 9.99129e-01 9.98888e-01
9.30194e+12 9.99105e-01 9.98875e-01
9.38809e+12 9.99106e-01 9.98845e-01
9.47505e+12 9.99086e-01 9.98843e-01
9.56281e+12 9.99083e-01 9.98805e-01
9.65138e+12 9.99067e-01 9.98815e-01
9.74077e+12 9.99060e-01 9.98769e-01
9.83099e+12 9.99048e-01 9.98791e-01
9.92205e+12 9.99037e-01 9.98730e-01
1.00140e+13 9.99030e-01 9.98748e-01
1.01067e+13 9.99014e-01 9.98698e-01
1.02003e+13 9.99009e-01 9.98708e-01
1.02948e+13 9.98986e-01 9.98670e-01
1.03901e+13 9.98984e-01 9.98672e-01
1.04864e+13 9.98956e-01 9.98646e-01
1.05835e+13 9.98959e-01 9.98636e-01
1.06815e+13 9.98928e-01 9.98609e-01
1.07805e+13 9.98934e-01 9.98583e-01
1.08803e+13 9.98908e-01 9.98569e-01
1.09811e+13 9.98912e-01 9.98540e-01
1.10828e+13 9.98888e-01 9.98535e-01
1.11855e+13 9.98885e-01 9.98493e-01
1.12891e+13 9.98866e-01 9.98502e-01
1.13936e+13 9.98854e-01 9.98439e-01
1.14991e+13 9.98838e-01 9.98450e-01
1.16057e+13 9.98822e-01 9.98385e-01
1.17131e+13 9.98811e-01 9.98404e-01
1.18216e+13 9.98791e-01 9.98352e-01
1.19311e+13 9.98785e-01 9.98363e-01
1.20416e+13 9.98760e-01 9.98320e-01
1.21532e+13 9.98760e-01 9.98310e-01
1.22657e+13 9.98729e-01 9.98269e-01
1.23793e+13 9.98732e-01 9.98252e-01
1.24940e+13 9.98694e-01 9.98225e-01
1.26097e+13 9.98698e-01 9.98200e-01
1.27265e+13 9.98665e-01 9.98187e-01
1.28444e+13 9.98665e-01 9.98144e-01
1.29634e+13 9.98637e-01 9.98130e-01
1.30834e+13 9.98632e-01 9.98074e-01
1.32046e+13 9.98610e-01 9.98075e-01
1.33269e+13 9.98601e-01 9.98010e-01
1.34504e+13 9.98583e-01 9.98026e-01
1.35749e+13 9.98563e-01 9.97956e-01
1.37007e+13 9.98547e-01 9.97965e-01
1.38276e+13 9.98522e-01 9.97897e-01
1.39556e+13 9.98513e-01 9.97898e-01
1.40849e+13 9.98482e-01 9.97845e-01
1.42154e+13 9.98479e-01 9.97839e-01
1.43470e+13 9.98443e-01 9.97800e-01
1.44799e+13 9.98448e-01 9.97770e-01
1.46140e+13 9.98404e-01 9.97730e-01
1.47494e+13 9.98407e-01 9.97692e-01
1.48860e+13 9.98367e-01 9.97668e-01
1.50239e+13 9.98365e-01 9.97622e-01
1.51630e+13 9.98332e-01 9.97614e-01
1.53035e+13 9.98324e-01 9.97542e-01
1.54452e+13 9.98298e-01 9.97533e-01
1.55883e+13 9.98285e-01 9.97454e-01
1.57326e+13 9.98263e-01 9.97460e-01
1.58784e+13 9.98238e-01 9.97381e-01
1.60254e+13 9.98219e-01 9.97393e-01
1.61739e+13 9.98188e-01 9.97311e-01
1.63237e+13 9.98177e-01 9.97302e-01
1.64749e+13 9.98141e-01 9.97236e-01
1.66275e+13 9.98137e-01 9.97220e-01
1.67815e+13 9.98095e-01 9.97171e-01
1.69369e+13 9.98094e-01 9.97137e-01
1.70938e+13 9.98041e-01 9.97085e-01
1.72521e+13 9.98043e-01 9.97035e-01
1.74119e+13 9.97997e-01 9.97000e-01
1.75732e+13 9.97994e-01 9.96944e-01
1.77359e+13 9.97956e-01 9.96926e-01
1.79002e+13 9.97947e-01 9.96841e-01
1.80660e+13 9.97916e-01 9.96822e-01
1.82333e+13 9.97892e-01 9.96730e-01
1.84022e+13 9.97863e-01 9.96728e-01
1.85726e+13 9.97834e-01 9.96637e-01
1.87447e+13 9.97813e-01 9.96632e-01
1.89183e+13 9.97778e-01 9.96537e-01
1.90935e+13 9.97766e-01 9.96519e-01
1.92704e+13 9.97724e-01 9.96442e-01
1.94488e+13 9.97711e-01 9.96417e-01
1.96290e+13 9.97655e-01 9.96349e-01
1.98108e+13 9.97652e-01 9.96296e-01
1.99943e+13 9.97593e-01 9.96234e-01
2.01795e+13 9.97599e-01 9.96180e-01
2.03664e+13 9.97546e-01 9.96131e-01
2.05550e+13 9.97539e-01 9.96058e-01
2.07454e+13 9.97489e-01 9.96011e-01
2.09375e+13 9.97470e-01 9.95915e-01
2.11315e+13 9.97429e-01 9.95889e-01
2.13272e+13 9.97405e-01 9.95786e-01
2.15247e+13 9.97374e-01 9.95771e-01
2.17241e+13 9.97344e-01 9.95646e-01
2.19253e+13 9.97313e-01 9.95628e-01
2.21284e+13 9.97266e-01 9.95522e-01
2.23333e+13 9.97244e-01 9.95498e-01
2.25402e+13 9.97191e-01 9.95402e-01
2.27490e+13 9.97180e-01 9.95347e-01
2.29597e+13 9.97120e-01 9.95257e-01
2.31723e+13 9.97113e-01 9.95196e-01
2.33870e+13 9.97041e-01 9.95127e-01
2.36036e+13 9.97035e-01 9.95045e-01
2.38222e+13 9.96973e-01 9.94971e-01
2.40428e+13 9.96962e-01 9.94873e-01
2.42655e+13 9.96910e-01 9.94819e-01
2.44903e+13 9.96888e-01 9.94715e-01
2.47171e+13 9.96835e-01 9.94660e-01
2.49461e+13 9.96800e-01 9.94524e-01
2.51771e+13 9.96758e-01 9.94487e-01
2.54103e+13 9.96717e-01 9.94353e-01
2.56457e+13 9.96686e-01 9.94323e-01
2.58832e+13 9.96633e-01 9.94183e-01
2.61229e+13 9.96601e-01 9.94128e-01
2.63649e+13 9.96536e-01 9.94010e-01
2.66091e+13 9.96516e-01 9.93949e-01
2.68555e+13 9.96444e-01 9.93833e-01
2.71043e+13 9.96436e-01 9.93740e-01
2.73553e+13 9.96353e-01 9.93638e-01
2.76087e+13 9.96339e-01 9.93538e-01
2.78644e+13 9.96263e-01 9.93451e-01
2.81225e+13 9.96244e-01 9.93319e-01
2.83830e+13 9.96181e-01 9.93234e-01
2.86459e+13 9.96154e-01 9.93096e-01
2.89112e+13 9.96089e-01 9.93033e-01
2.91790e+13 9.96044e-01 9.92864e-01
2.94492e+13 9.95992e-01 9.92796e-01
2.97220e+13 9.95941e-01 9.92626e-01
2.99973e+13 9.95902e-01 9.92572e-01
3.02751e+13 9.95835e-01 9.92409e-01
3.05555e+13 9.95794e-01 9.92320e-01
3.08386e+13 9.95716e-01 9.92167e-01
3.11242e+13 9.95688e-01 9.92073e-01
3.14125e+13 9.95604e-01 9.91934e-01
3.17034e+13 9.95585e-01 9.91805e-01
3.19971e+13 9.95484e-01 9.91669e-01
3.22934e+13 9.95463e-01 9.91535e-01
3.25925e+13 9.95376e-01 9.91417e-01
3.28944e+13 9.95350e-01 9.91248e-01
3.31991e+13 9.95274e-01 9.91127e-01
3.35066e+13 9.95226e-01 9.90953e-01
3.38169e+13 9.95150e-01 9.90855e-01
3.41301e+13 9.95096e-01 9.90644e-01
3.44463e+13 9.95034e-01 9.90540e-01
3.47653e+13 9.94974e-01 9.90333e-01
3.50873e+13 9.94910e-01 9.90243e-01
3.54123e+13 9.94828e-01 9.90031e-01
3.57403e+13 9.94778e-01 9.89905e-01
3.60713e+13 9.94690e-01 9.89713e-01
3.64054e+13 9.94655e-01 9.89582e-01
3.67426e+13 9.94542e-01 9.89384e-01
3.70829e+13 9.94506e-01 9.89217e-01
3.74264e+13 9.94394e-01 9.89041e-01
3.77730e+13 9.94371e-01 9.88875e-01
3.81229e+13 9.94267e-01 9.88684e-01
3.84760e+13 9.94216e-01 9.88473e-01
3.88324e+13 9.94116e-01 9.88312e-01
3.91921e+13 9.94061e-01 9.88093e-01
3.95551e+13 9.93976e-01 9.87924e-01
3.99214e+13 9.93907e-01 9.87670e-01
4.02912e+13 9.93820e-01 9.87525e-01
4.06644e+13 9.93734e-01 9.87266e-01
4.10410e+13 9.93663e-01 9.87102e-01
4.14211e+13 9.93572e-01 9.86842e-01
4.18048e+13 9.93503e-01 9.86673e-01
4.21920e+13 9.93386e-01 9.86422e-01
4.25828e+13 9.93328e-01 9.86214e-01
4.29772e+13 9.93206e-01 9.85968e-01
4.33753e+13 9.93163e-01 9.85754e-01
4.37770e+13 9.93021e-01 9.85508e-01
4.41825e+13 9.92971e-01 9.85255e-01
4.45917e+13 9.92846e-01 9.85022e-01
4.50047e+13 9.92791e-01 9.84762e-01
4.54216e+13 9.92670e-01 9.84520e-01
4.58423e+13 9.92589e-01 9.84220e-01
4.62669e+13 9.92477e-01 9.84000e-01
4.66954e+13 9.92391e-01 9.83682e-01
4.71279e+13 9.92293e-01 9.83452e-01
4.75644e+13 9.92180e-01 9.83113e-01
4.80050e+13 9.92082e-01 9.82896e-01
4.84496e+13 9.91963e-01 9.82557e-01
4.88983e+13 9.91884e-01 9.82299e-01
4.93513e+13 9.91743e-01 9.81972e-01
4.98084e+13 9.91659e-01 9.81702e-01
5.02697e+13 9.91507e-01 9.81363e-01
5.07353e+13 9.91442e-01 9.81055e-01
5.12052e+13 9.91281e-01 9.80738e-01
5.16795e+13 9.91205e-01 9.80404e-01
5.21582e+13 9.91060e-01 9.80096e-01
5.26412e+13 9.90970e-01 9.79715e-01
5.31288e+13 9.90828e-01 9.79406e-01
5.36209e+13 9.90720e-01 9.79004e-01
5.41176e+13 9.90579e-01 9.78683e-01
5.46188e+13 9.90465e-01 9.78273e-01
5.51247e+13 9.90342e-01 9.77952e-01
5.56353e+13 9.90199e-01 9.77507e-01
5.61506e+13 9.90073e-01 9.77183e-01
5.66707e+13 9.89925e-01 9.76754e-01
5.71955e+13 9.89818e-01 9.76385e-01
5.77253e+13 9.89642e-01 9.75946e-01
5.82600e+13 9.89531e-01 9.75567e-01
5.87996e+13 9.89348e-01 9.75121e-01
5.93442e+13 9.89256e-01 9.74697e-01
5.98939e+13 9.89054e-01 9.74261e-01
6.04486e+13 9.88950e-01 9.73813e-01
6.10085e+13 9.88763e-01 9.73361e-01
6.15736e+13 9.88655e-01 9.72879e-01
6.21439e+13 9.88467e-01 9.72445e-01
6.27195e+13 9.88328e-01 9.71915e-01
6.33004e+13 9.88156e-01 9.71464e-01
6.38867e+13 9.88013e-01 9.70923e-01
6.44784e+13 9.87838e-01 9.70464e-01
6.50756e+13 9.87663e-01 9.69883e-01
6.56784e+13 9.87506e-01 9.69421e-01
6.62867e+13 9.87326e-01 9.68842e-01
6.69006e+13 9.87163e-01 9.68330e-01
6.75203e+13 9.86952e-01 9.67747e-01
6.81457e+13 9.86810e-01 9.67214e-01
6.87769e+13 9.86589e-01 9.66610e-01
6.94139e+13 9.86441e-01 9.66033e-01
7.00568e+13 9.86200e-01 9.65444e-01
7.07057e+13 9.86065e-01 9.64816e-01
7.13606e+13 9.85836e-01 9.64205e-01
7.20215e+13 9.85669e-01 9.63561e-01
7.26886e+13 9.85441e-01 9.62934e-01
7.33619e+13 9.85270e-01 9.62236e-01
7.40414e+13 9.85048e-01 9.61614e-01
7.47271e+13 9.84843e-01 9.60877e-01
7.54193e+13 9.84630e-01 9.60229e-01
7.61178e+13 9.84420e-01 9.59470e-01
7.68228e+13 9.84204e-01 9.58807e-01
7.75344e+13 9.83960e-01 9.58021e-01
7.82525e+13 9.83762e-01 9.57318e-01
7.89773e+13 9.83508e-01 9.56529e-01
7.97088e+13 9.83302e-01 9.55768e-01
8.04471e+13 9.83018e-01 9.54964e-01
8.11922e+13 9.82834e-01 9.54173e-01
8.19442e+13 9.82537e-01 9.53339e-01
8.27032e+13 9.82337e-01 9.52499e-01
8.34692e+13 9.82048e-01 9.51664e-01
8.42423e+13 9.81843e-01 9.50762e-01
8.50226e+13 9.81547e-01 9.49901e-01
8.58101e+13 9.81307e-01 9.48972e-01
8.66049e+13 9.81032e-01 9.48079e-01
8.74070e+13 9.80774e-01 9.47092e-01
8.82166e+13 9.80490e-01 9.46196e-01
8.90337e+13 9.80208e-01 9.45154e-01
8.98583e+13 9.79946e-01 9.44219e-01
9.06906e+13 9.79632e-01 9.43173e-01
9.15306e+13 9.79360e-01 9.42170e-01
9.23784e+13 9.79036e-01 9.41092e-01
9.32340e+13 9.78774e-01 9.40054e-01
9.40976e+13 9.78412e-01 9.38933e-01
9.49691e+13 9.78154e-01 9.37835e-01
9.58487e+13 9.77795e-01 9.36705e-01
9.67365e+13 9.77520e-01 9.35534e-01
9.76325e+13 9.77150e-01 9.34370e-01
9.85368e+13 9.76867e-01 9.33153e-01
9.94495e+13 9.76503e-01 9.31944e-01
1.00371e+14 9.76181e-01 9.30666e-01
1.01300e+14 9.75800e-01 9.29363e-01
1.02239e+14 9.75491e-01 9.28080e-01
1.03185e+14 9.75121e-01 9.26815e-01
1.04141e+14 9.74754e-01 9.25412e-01
1.05106e+14 9.74406e-01 9.24086e-01
1.06079e+14 9.74007e-01 9.22652e-01
1.07062e+14 9.73647e-01 9.21259e-01
1.08053e+14 9.73233e-01 9.19772e-01
1.09054e+14 9.72880e-01 9.18322e-01
1.10064e+14 9.72426e-01 9.16787e-01
1.11084e+14 9.72075e-01 9.15252e-01
1.12113e+14 9.71617e-01 9.13691e-01
1.13151e+14 9.71245e-01 9.12070e-01
1.14199e+14 9.70779e-01 9.10448e-01
1.15257e+14 9.70399e-01 9.08771e-01
1.16324e+14 9.69924e-01 9.07085e-01
1.17402e+14 9.69502e-01 9.05322e-01
1.18489e+14 9.69043e-01 9.03596e-01
1.19587e+14 9.68591e-01 9.01740e-01
1.20694e+14 9.68118e-01 8.99959e-01
1.21812e+14 9.67645e-01 8.98032e-01
1.22940e+14 9.67177e-01 8.96170e-01
1.24079e+14 9.66661e-01 8.94194e-01
1.25228e+14 9.66192e-01 8.92238e-01
1.26388e+14 9.65659e-01 8.90186e-01
1.27559e+14 9.65174e-01 8.88155e-01
1.28740e+14 9.64605e-01 8.86025e-01
1.29933e+14 9.64137e-01 8.83890e-01
1.31136e+14 9.63531e-01 8.81703e-01
1.32351e+14 9.63040e-01 8.79458e-01
1.33577e+14 9.62453e-01 8.77199e-01
1.34814e+14 9.61918e-01 8.74855e-01
1.36063e+14 9.61314e-01 8.72506e-01
1.37323e+14 9.60766e-01 8.70072e-01
1.38595e+14 9.60149e-01 8.67632e-01
1.39878e+14 9.59555e-01 8.65077e-01
1.41174e+14 9.58950e-01 8.62566e-01
1.42482e+14 9.58316e-01 8.59896e-01
1.43801e+14 9.57797e-01 8.57638e-01
1.45133e+14 9.57037e-01 8.54528e-01
1.46477e+14 9.56404e-01 8.51786e-01
1.47834e+14 9.55700e-01 8.48946e-01
1.49203e+14 9.55072e-01 8.46071e-01
1.50585e+14 9.54333e-01 8.43125e-01
1.51980e+14 9.53681e-01 8.40129e-01
1.53388e+14 9.52923e-01 8.37059e-01
1.54808e+14 9.52256e-01 8.33940e-01
1.56242e+14 9.51475e-01 8.30759e-01
1.57689e+14 9.50779e-01 8.27491e-01
1.59150e+14 9.49989e-01 8.24207e-01
1.60624e+14 9.49241e-01 8.20786e-01
1.62112e+14 9.48451e-01 8.17372e-01
1.63613e+14 9.47662e-01 8.13812e-01
1.65129e+14 9.46847e-01 8.10259e-01
1.66658e+14 9.46028e-01 8.06564e-01
1.68202e+14 9.45198e-01 8.02860e-01
1.69760e+14 9.44325e-01 7.99018e-01
1.71332e+14 9.43495e-01 7.95163e-01
1.72919e+14 9.42575e-01 7.91167e-01
1.74521e+14 9.41717e-01 7.87147e-01
1.76137e+14 9.40769e-01 7.82998e-01
1.77768e+14 9.39889e-01 7.78792e-01
1.79415e+14 9.38892e-01 7.74497e-01
1.81077e+14 9.38006e-01 7.70098e-01
1.82754e+14 9.36980e-01 7.65639e-01
1.84447e+14 9.36034e-01 7.61052e-01
1.86155e+14 9.35012e-01 7.56410e-01
1.87879e+14 9.34005e-01 7.51636e-01
1.89619e+14 9.32953e-01 7.46804e-01
1.91376e+14 9.31914e-01 7.41825e-01
1.93148e+14 9.30829e-01 7.36804e-01
1.94937e+14 9.29736e-01 7.31610e-01
1.96743e+14 9.28640e-01 7.26394e-01
1.98565e+14 9.27484e-01 7.20990e-01
2.00404e+14 9.26366e-01 7.15547e-01
2.02260e+14 9.25162e-01 7.09932e-01
2.04134e+14 9.23853e-01 7.03643e-01
2.06024e+14 9.22758e-01 6.98418e-01
2.07933e+14 9.21574e-01 6.92477e-01
2.09859e+14 9.20266e-01 6.86512e-01
2.11802e+14 9.19062e-01 6.80614e-01
2.13764e+14 9.17715e-01 6.74795e-01
2.15744e+14 9.16441e-01 6.69021e-01
2.17742e+14 9.15082e-01 6.63342e-01
2.19759e+14 9.13736e-01 6.57691e-01
2.21795e+14 9.12341e-01 6.52148e-01
2.23849e+14 9.10944e-01 6.46616e-01
2.25922e+14 9.09503e-01 6.41206e-01
2.28015e+14 9.08049e-01 6.35796e-01
2.30127e+14 9.06572e-01 6.30510e-01
2.32258e+14 9.05042e-01 6.25228e-01
2.34409e+14 9.03544e-01 6.20052e-01
2.36580e+14 9.01936e-01 6.14897e-01
2.38772e+14 9.00387e-01 6.09828e-01
2.40983e+14 8.98728e-01 6.04794e-01
2.43215e+14 8.97125e-01 5.99830e-01
2.45468e+14 8.95405e-01 5.94916e-01
2.47742e+14 8.93755e-01 5.90054e-01
2.50036e+14 8.91979e-01 5.85255e-01
2.52352e+14 8.90267e-01 5.80493e-01
2.54689e+14 8.88436e-01 5.75807e-01
2.57048e+14 8.86637e-01 5.71142e-01
2.59429e+14 8.84774e-01 5.66566e-01
2.61832e+14 8.82885e-01 5.61995e-01
2.64257e+14 8.80968e-01 5.57526e-01
2.66705e+14 8.79005e-01 5.53054e-01
2.69175e+14 8.77022e-01 5.48683e-01
2.71668e+14 8.74990e-01 5.44315e-01
2.74185e+14 8.72941e-01 5.40032e-01
2.76724e+14 8.70813e-01 5.35765e-01
2.79287e+14 8.68719e-01 5.31568e-01
2.81874e+14 8.66493e-01 5.27399e-01
2.84485e+14 8.64338e-01 5.23286e-01
2.87120e+14 8.62032e-01 5.19213e-01
2.89779e+14 8.59791e-01 5.15182e-01
2.92463e+14 8.57433e-01 5.11202e-01
2.95172e+14 8.54872e-01 5.06883e-01
2.97906e+14 8.52651e-01 5.03362e-01
3.00665e+14 8.50216e-01 4.99489e-01
3.03450e+14 8.47697e-01 4.95688e-01
3.06260e+14 8.45173e-01 4.91891e-01
3.09097e+14 8.42568e-01 4.88177e-01
3.11960e+14 8.39929e-01 4.84459e-01
3.14849e+14 8.37258e-01 4.80824e-01
3.17766e+14 8.34501e-01 4.77189e-01
3.20709e+14 8.31751e-01 4.73625e-01
3.23679e+14 8.28879e-01 4.70073e-01
3.26677e+14 8.26031e-01 4.66578e-01
3.29703e+14 8.23058e-01 4.63104e-01
3.32757e+14 8.20108e-01 4.59677e-01
3.35839e+14 8.17028e-01 4.56281e-01
3.38950e+14 8.13972e-01 4.52920e-01
3.42089e+14 8.10784e-01 4.49600e-01
3.45257e+14 8.07615e-01 4.46302e-01
3.48455e+14 8.04315e-01 4.43056e-01
3.51683e+14 8.01018e-01 4.39822e-01
3.54940e+14 7.97612e-01 4.36647e-01
3.58228e+14 7.94172e-01 4.33474e-01
3.61546e+14 7.90665e-01 4.30369e-01
3.64894e+14 7.87078e-01 4.27260e-01
3.68274e+14 7.83457e-01 4.24219e-01
3.71685e+14 7.79726e-01 4.21179e-01
3.75128e+14 7.75974e-01 4.18195e-01
3.78602e+14 7.72107e-01 4.15221e-01
3.82109e+14 7.68218e-01 4.12293e-01
3.85648e+14 7.64204e-01 4.09383e-01
3.89220e+14 7.60177e-01 4.06510e-01
3.92825e+14 7.56005e-01 4.03663e-01
3.96463e+14 7.51841e-01 4.00843e-01
4.00135e+14 7.47519e-01 3.98057e-01
4.03842e+14 7.43198e-01 3.95290e-01
4.07582e+14 7.38720e-01 3.92564e-01
4.11357e+14 7.34218e-01 3.89848e-01
4.15167e+14 7.29595e-01 3.87180e-01
4.19013e+14 7.24906e-01 3.84514e-01
4.22894e+14 7.20131e-01 3.81903e-01
4.26811e+14 7.15249e-01 3.79289e-01
4.30764e+14 7.10306e-01 3.76730e-01
4.34754e+14 7.05846e-01 3.74594e-01
4.38780e+14 7.00107e-01 3.71659e-01
4.42844e+14 6.94844e-01 3.69154e-01
4.46946e+14 6.89528e-01 3.66688e-01
4.51086e+14 6.84068e-01 3.64236e-01
4.55264e+14 6.78554e-01 3.61813e-01
4.59481e+14 6.72880e-01 3.59412e-01
4.63736e+14 6.67168e-01 3.57034e-01
4.68032e+14 6.61285e-01 3.54683e-01
4.72367e+14 6.55355e-01 3.52347e-01
4.76742e+14 6.49254e-01 3.50045e-01
4.81157e+14 6.43092e-01 3.47750e-01
4.85614e+14 6.36806e-01 3.45496e-01
4.90112e+14 6.30611e-01 3.43242e-01
4.94651e+14 6.24485e-01 3.41034e-01
4.99233e+14 6.18434e-01 3.38823e-01
5.03857e+14 6.12469e-01 3.36658e-01
5.08524e+14 6.06559e-01 3.34492e-01
5.13234e+14 6.00749e-01 3.32365e-01
5.17987e+14 5.94976e-01 3.30243e-01
5.22785e+14 5.89317e-01 3.28153e-01
5.27627e+14 5.83677e-01 3.26074e-01
5.32514e+14 5.78165e-01 3.24021e-01
5.37446e+14 5.72660e-01 3.21984e-01
5.42424e+14 5.67285e-01 3.19966e-01
5.47448e+14 5.61922e-01 3.17970e-01
5.52519e+14 5.56670e-01 3.15987e-01
5.57637e+14 5.51445e-01 3.14032e-01
5.62801e+14 5.46312e-01 3.12082e-01
5.68014e+14 5.41221e-01 3.10166e-01
5.73275e+14 5.36205e-01 3.08250e-01
5.78585e+14 5.31243e-01 3.06372e-01
5.83944e+14 5.26340e-01 3.04491e-01
5.89353e+14 5.21506e-01 3.02648e-01
5.94811e+14 5.16713e-01 3.00804e-01
6.00321e+14 5.12001e-01 2.98992e-01
6.05881e+14 5.07316e-01 2.97184e-01
6.11493e+14 5.02723e-01 2.95403e-01
6.17156e+14 4.98143e-01 2.93631e-01
6.22873e+14 4.93666e-01 2.91879e-01
6.28642e+14 4.89192e-01 2.90142e-01
6.34464e+14 4.84823e-01 2.88419e-01
6.40341e+14 4.80462e-01 2.86716e-01
6.46272e+14 4.76577e-01 2.85254e-01
6.52258e+14 4.71937e-01 2.83351e-01
6.58299e+14 4.67758e-01 2.81685e-01
6.64396e+14 4.63612e-01 2.80047e-01
6.70550e+14 4.59525e-01 2.78409e-01
6.76761e+14 4.55482e-01 2.76801e-01
6.83029e+14 4.51485e-01 2.75192e-01
6.89356e+14 4.47542e-01 2.73614e-01
6.95741e+14 4.43631e-01 2.72035e-01
7.02185e+14 4.39786e-01 2.70482e-01
7.08688e+14 4.35960e-01 2.68934e-01
7.15252e+14 4.32209e-01 2.67406e-01
7.21877e+14 4.28467e-01 2.65887e-01
7.28563e+14 4.24808e-01 2.64384e-01
7.35311e+14 4.21150e-01 2.62893e-01
7.42122e+14 4.17576e-01 2.61414e-01
7.48996e+14 4.14008e-01 2.59951e-01
7.55933e+14 4.10510e-01 2.58496e-01
7.62935e+14 4.07029e-01 2.57060e-01
7.70001e+14 4.03606e-01 2.55628e-01
7.77133e+14 4.00208e-01 2.54219e-01
7.84331e+14 3.96859e-01 2.52810e-01
7.91596e+14 3.93543e-01 2.51427e-01
7.98928e+14 3.90264e-01 2.50041e-01
8.06327e+14 3.87028e-01 2.48682e-01
8.13796e+14 3.83819e-01 2.47322e-01
8.21333e+14 3.80661e-01 2.45984e-01
8.28941e+14 3.77518e-01 2.44649e-01
8.36618e+14 3.74436e-01 2.43331e-01
8.44367e+14 3.71359e-01 2.42021e-01
8.52188e+14 3.68350e-01 2.40723e-01
8.60081e+14 3.65341e-01 2.39436e-01
8.68047e+14 3.62400e-01 2.38159e-01
8.76087e+14 3.59462e-01 2.36895e-01
8.84202e+14 3.56582e-01 2.35638e-01
8.92391e+14 3.53714e-01 2.34396e-01
9.00657e+14 3.50893e-01 2.33158e-01
9.08999e+14 3.48092e-01 2.31939e-01
9.17418e+14 3.45329e-01 2.30720e-01
9.25916e+14 3.42594e-01 2.29522e-01
9.34492e+14 3.39888e-01 2.28323e-01
9.43147e+14 3.37217e-01 2.27144e-01
9.51883e+14 3.34566e-01 2.25966e-01
9.60699e+14 3.31957e-01 2.24806e-01
9.69597e+14 3.29359e-01 2.23648e-01
9.78578e+14 3.27028e-01 2.22652e-01
9.87642e+14 3.24266e-01 2.21367e-01
9.96790e+14 3.21777e-01 2.20241e-01
1.00602e+15 3.19286e-01 2.19123e-01
1.01534e+15 3.16851e-01 2.18014e-01
1.02474e+15 3.14418e-01 2.16915e-01
1.03424e+15 3.12032e-01 2.15822e-01
1.04381e+15 3.09654e-01 2.14742e-01
1.05348e+15 3.07316e-01 2.13665e-01
1.06324e+15 3.04993e-01 2.12603e-01
1.07309e+15 3.02703e-01 2.11544e-01
1.08303e+15 3.00430e-01 2.10498e-01
1.09306e+15 2.98183e-01 2.09454e-01
1.10318e+15 2.95964e-01 2.08426e-01
1.11340e+15 2.93762e-01 2.07399e-01
1.12371e+15 2.91593e-01 2.06387e-01
1.13412e+15 2.89434e-01 2.05377e-01
1.14463e+15 2.87314e-01 2.04379e-01
1.15523e+15 2.85197e-01 2.03385e-01
1.16593e+15 2.83125e-01 2.02401e-01
1.17673e+15 2.81051e-01 2.01425e-01
1.18763e+15 2.79023e-01 2.00455e-01
1.19863e+15 2.76995e-01 1.99494e-01
1.20973e+15 2.75006e-01 1.98538e-01
1.22093e+15 2.73024e-01 1.97592e-01
1.23224e+15 2.71073e-01 1.96650e-01
1.24365e+15 2.69135e-01 1.95720e-01
1.25517e+15 2.67221e-01 1.94790e-01
1.26680e+15 2.65326e-01 1.93875e-01
1.27853e+15 2.63449e-01 1.92960e-01
1.29037e+15 2.61595e-01 1.92058e-01
1.30233e+15 2.59754e-01 1.91157e-01
1.31439e+15 2.57941e-01 1.90269e-01
1.32656e+15 2.56134e-01 1.89382e-01
1.33885e+15 2.54361e-01 1.88505e-01
1.35125e+15 2.52588e-01 1.87632e-01
1.36377e+15 2.50853e-01 1.86768e-01
1.37640e+15 2.49116e-01 1.85909e-01
1.38915e+15 2.47417e-01 1.85056e-01
1.40201e+15 2.45717e-01 1.84210e-01
1.41500e+15 2.44049e-01 1.83369e-01
1.42810e+15 2.42387e-01 1.82536e-01
1.44133e+15 2.40750e-01 1.81706e-01
1.45468e+15 2.39123e-01 1.80886e-01
1.46815e+15 2.37516e-01 1.80067e-01
1.48175e+15 2.35924e-01 1.79260e-01
1.49548e+15 2.34347e-01 1.78452e-01
1.50933e+15 2.32726e-01 1.77609e-01
1.52331e+15 2.31240e-01 1.76861e-01
1.53742e+15 2.29715e-01 1.76076e-01
1.55166e+15 2.28197e-01 1.75295e-01
1.56603e+15 2.26702e-01 1.74518e-01
1.58053e+15 2.25210e-01 1.73746e-01
1.59517e+15 2.23748e-01 1.72981e-01
1.60995e+15 2.22284e-01 1.72221e-01
1.62486e+15 2.20852e-01 1.71466e-01
1.63991e+15 2.19419e-01 1.70717e-01
1.65510e+15 2.18012e-01 1.69972e-01
1.67043e+15 2.16609e-01 1.69234e-01
1.68590e+15 2.15227e-01 1.68499e-01
1.70151e+15 2.13853e-01 1.67771e-01
1.71727e+15 2.12496e-01 1.67045e-01
1.73318e+15 2.11150e-01 1.66328e-01
1.74923e+15 2.09817e-01 1.65612e-01
1.76543e+15 2.08499e-01 1.64905e-01
1.78179e+15 2.07190e-01 1.64199e-01
1.79829e+15 2.05899e-01 1.63501e-01
1.81495e+15 2.04612e-01 1.62805e-01
1.83176e+15 2.03348e-01 1.62115e-01
1.84872e+15 2.02084e-01 1.61429e-01
1.86585e+15 2.00845e-01 1.60748e-01
1.88313e+15 1.99605e-01 1.60071e-01
1.90057e+15 1.98389e-01 1.59399e-01
1.91817e+15 1.97174e-01 1.58732e-01
1.93594e+15 1.95980e-01 1.58067e-01
1.95387e+15 1.94789e-01 1.57409e-01
1.97197e+15 1.93615e-01 1.56753e-01
1.99023e+15 1.92448e-01 1.56104e-01
2.00867e+15 1.91295e-01 1.55456e-01
2.02727e+15 1.90151e-01 1.54816e-01
2.04605e+15 1.89017e-01 1.54176e-01
2.06500e+15 1.87896e-01 1.53544e-01
2.08413e+15 1.86782e-01 1.52913e-01
2.10343e+15 1.85683e-01 1.52289e-01
2.12291e+15 1.84588e-01 1.51666e-01
2.14257e+15 1.83510e-01 1.51049e-01
2.16242e+15 1.82433e-01 1.50435e-01
2.18245e+15 1.81377e-01 1.49825e-01
2.20266e+15 1.80319e-01 1.49219e-01
2.22306e+15 1.79282e-01 1.48616e-01
2.24365e+15 1.78245e-01 1.48018e-01
2.26443e+15 1.77226e-01 1.47422e-01
2.28541e+15 1.76209e-01 1.46832e-01
2.30658e+15 1.75206e-01 1.46243e-01
2.32794e+15 1.74209e-01 1.45661e-01
2.34950e+15 1.73223e-01 1.45079e-01
2.37126e+15 1.72244e-01 1.44503e-01
2.39323e+15 1.71314e-01 1.43962e-01
2.41539e+15 1.70315e-01 1.43360e-01
2.43777e+15 1.69361e-01 1.42793e-01
2.46034e+15 1.68420e-01 1.42231e-01
2.48313e+15 1.67481e-01 1.41671e-01
2.50613e+15 1.66558e-01 1.41115e-01
2.52934e+15 1.65635e-01 1.40562e-01
2.55277e+15 1.64728e-01 1.40012e-01
2.57642e+15 1.63821e-01 1.39466e-01
2.60028e+15 1.62931e-01 1.38923e-01
2.62436e+15 1.62041e-01 1.38383e-01
2.64867e+15 1.61165e-01 1.37846e-01
2.67320e+15 1.60291e-01 1.37313e-01
2.69796e+15 1.59429e-01 1.36782e-01
2.72295e+15 1.58572e-01 1.36255e-01
2.74817e+15 1.57723e-01 1.35730e-01
2.77363e+15 1.56882e-01 1.35210e-01
2.79932e+15 1.56047e-01 1.34690e-01
2.82524e+15 1.55220e-01 1.34176e-01
2.85141e+15 1.54399e-01 1.33663e-01
2.87782e+15 1.53588e-01 1.33154e-01
2.90448e+15 1.52779e-01 1.32647e-01
2.93138e+15 1.51982e-01 1.32144e-01
2.95853e+15 1.51186e-01 1.31643e-01
2.98593e+15 1.50404e-01 1.31145e-01
3.01359e+15 1.49621e-01 1.30650e-01
3.04150e+15 1.48852e-01 1.30157e-01
3.06967e+15 1.48088e-01 1.29672e-01
3.09810e+15 1.47326e-01 1.29180e-01
3.12680e+15 1.46571e-01 1.28697e-01
3.15576e+15 1.45825e-01 1.28214e-01
