3.15576e+11 5.94549e-04 1.87820e-03
3.18499e+11 6.00055e-04 1.89555e-03
3.21449e+11 6.05612e-04 1.91306e-03
3.24426e+11 6.11221e-04 1.93072e-03
3.27431e+11 6.16881e-04 1.94856e-03
3.30464e+11 6.22594e-04 1.96655e-03
3.33525e+11 6.28360e-04 1.98471e-03
3.36614e+11 6.34179e-04 2.00304e-03
3.39732e+11 6.40052e-04 2.02153e-03
3.42878e+11 6.45979e-04 2.04019e-03
3.46054e+11 6.51961e-04 2.05903e-03
3.49259e+11 6.57999e-04 2.07804e-03
3.52494e+11 6.64092e-04 2.09722e-03
3.55759e+11 6.70242e-04 2.11658e-03
3.59054e+11 6.76449e-04 2.13611e-03
3.62380e+11 6.82713e-04 2.15582e-03
3.65736e+11 6.89035e-04 2.17572e-03
3.69124e+11 6.95416e-04 2.19579e-03
3.72543e+11 7.01855e-04 2.21605e-03
3.75993e+11 7.08355e-04 2.23650e-03
3.79476e+11 7.14914e-04 2.25713e-03
3.82991e+11 7.21534e-04 2.27795e-03
3.86538e+11 7.28216e-04 2.29896e-03
3.90118e+11 7.34959e-04 2.32016e-03
3.93731e+11 7.41764e-04 2.34156e-03
3.97378e+11 7.48633e-04 2.36315e-03
4.01059e+11 7.55565e-04 2.38494e-03
4.04774e+11 7.62562e-04 2.40693e-03
4.08523e+11 7.69623e-04 2.42911e-03
4.12306e+11 7.76749e-04 2.45150e-03
4.16125e+11 7.83941e-04 2.47410e-03
4.19979e+11 7.91200e-04 2.49690e-03
4.23869e+11 7.98526e-04 2.51991e-03
4.27795e+11 8.05920e-04 2.54313e-03
4.31758e+11 8.13382e-04 2.56656e-03
4.35757e+11 8.20914e-04 2.59020e-03
4.39793e+11 8.28514e-04 2.61406e-03
4.43866e+11 8.36186e-04 2.63814e-03
4.47977e+11 8.43928e-04 2.66243e-03
4.52127e+11 8.51742e-04 2.68695e-03
4.56314e+11 8.59628e-04 2.71169e-03
4.60541e+11 8.67587e-04 2.73665e-03
4.64806e+11 8.75619e-04 2.76184e-03
4.69112e+11 8.83726e-04 2.78726e-03
4.73457e+11 8.91908e-04 2.81291e-03
4.77842e+11 9.00166e-04 2.83879e-03
4.82268e+11 9.08500e-04 2.86491e-03
4.86735e+11 9.16910e-04 2.89127e-03
4.91243e+11 9.25399e-04 2.91786e-03
4.95793e+11 9.33966e-04 2.94470e-03
5.00385e+11 9.42613e-04 2.97177e-03
5.05020e+11 9.51339e-04 2.99910e-03
5.09697e+11 9.60146e-04 3.02667e-03
5.14418e+11 9.69035e-04 3.05449e-03
5.19183e+11 9.78005e-04 3.08256e-03
5.23991e+11 9.87059e-04 3.11089e-03
5.28845e+11 9.96196e-04 3.13947e-03
5.33743e+11 1.00542e-03 3.16831e-03
5.38687e+11 1.01472e-03 3.19741e-03
5.43676e+11 1.02412e-03 3.22677e-03
5.48712e+11 1.03360e-03 3.25640e-03
5.53794e+11 1.04317e-03 3.28630e-03
5.58923e+11 1.05282e-03 3.31646e-03
5.64100e+11 1.06257e-03 3.34690e-03
5.69325e+11 1.07240e-03 3.37761e-03
5.74598e+11 1.08233e-03 3.40860e-03
5.79920e+11 1.09234e-03 3.43987e-03
5.85292e+11 1.10245e-03 3.47141e-03
5.90713e+11 1.11266e-03 3.50325e-03
5.96184e+11 1.12296e-03 3.53536e-03
6.01706e+11 1.13335e-03 3.56777e-03
6.07279e+11 1.14384e-03 3.60046e-03
6.12904e+11 1.15442e-03 3.63346e-03
6.18581e+11 1.16511e-03 3.66674e-03
6.24310e+11 1.17589e-03 3.70033e-03
6.30092e+11 1.18677e-03 3.73421e-03
6.35928e+11 1.19775e-03 3.76840e-03
6.41819e+11 1.20884e-03 3.80289e-03
6.47763e+11 1.22002e-03 3.83770e-03
6.53763e+11 1.23131e-03 3.87281e-03
6.59818e+11 1.24271e-03 3.90824e-03
6.65930e+11 1.25421e-03 3.94399e-03
6.72098e+11 1.26581e-03 3.98005e-03
6.78323e+11 1.27752e-03 4.01644e-03
6.84605e+11 1.28934e-03 4.05314e-03
6.90946e+11 1.30127e-03 4.09018e-03
6.97346e+11 1.31331e-03 4.12754e-03
7.03805e+11 1.32546e-03 4.16525e-03
7.10324e+11 1.33772e-03 4.20327e-03
7.16903e+11 1.35010e-03 4.24165e-03
7.23543e+11 1.36259e-03 4.28036e-03
7.30245e+11 1.37519e-03 4.31941e-03
7.37008e+11 1.38791e-03 4.35881e-03
7.43835e+11 1.40075e-03 4.39857e-03
7.50724e+11 1.41371e-03 4.43867e-03
7.57677e+11 1.42678e-03 4.47912e-03
7.64695e+11 1.43998e-03 4.51994e-03
7.71778e+11 1.45330e-03 4.56111e-03
7.78926e+11 1.46674e-03 4.60266e-03
7.86141e+11 1.48030e-03 4.64456e-03
7.93422e+11 1.49399e-03 4.68685e-03
8.00771e+11 1.50781e-03 4.72948e-03
8.08188e+11 1.52175e-03 4.77252e-03
8.15674e+11 1.53582e-03 4.81591e-03
8.23228e+11 1.55002e-03 4.85970e-03
8.30853e+11 1.56435e-03 4.90386e-03
8.38549e+11 1.57882e-03 4.94842e-03
8.46316e+11 1.59342e-03 4.99336e-03
8.54154e+11 1.60815e-03 5.03871e-03
8.62066e+11 1.62301e-03 5.08444e-03
8.70050e+11 1.63802e-03 5.13058e-03
8.78109e+11 1.65316e-03 5.17712e-03
8.86242e+11 1.66844e-03 5.22406e-03
8.94451e+11 1.68386e-03 5.27143e-03
9.02735e+11 1.69942e-03 5.31919e-03
9.11097e+11 1.71513e-03 5.36738e-03
9.19535e+11 1.73098e-03 5.41598e-03
9.28052e+11 1.74698e-03 5.46502e-03
9.36648e+11 1.76312e-03 5.51445e-03
9.45323e+11 1.77941e-03 5.56436e-03
9.54079e+11 1.79586e-03 5.61465e-03
9.62916e+11 1.81245e-03 5.66542e-03
9.71835e+11 1.82919e-03 5.71659e-03
9.80836e+11 1.84609e-03 5.76824e-03
9.89921e+11 1.86315e-03 5.82030e-03
9.99090e+11 1.88036e-03 5.87284e-03
1.00834e+12 1.89773e-03 5.92581e-03
1.01768e+12 1.91526e-03 5.97925e-03
1.02711e+12 1.93294e-03 6.03314e-03
1.03662e+12 1.95080e-03 6.08750e-03
1.04622e+12 1.96881e-03 6.14233e-03
1.05591e+12 1.98699e-03 6.19762e-03
1.06569e+12 2.00534e-03 6.25340e-03
1.07556e+12 2.02385e-03 6.30963e-03
1.08553e+12 2.04254e-03 6.36638e-03
1.09558e+12 2.06140e-03 6.42357e-03
1.10573e+12 2.08042e-03 6.48130e-03
1.11597e+12 2.09963e-03 6.53946e-03
1.12631e+12 2.11901e-03 6.59817e-03
1.13674e+12 2.13856e-03 6.65733e-03
1.14727e+12 2.15830e-03 6.71703e-03
1.15789e+12 2.17822e-03 6.77721e-03
1.16862e+12 2.19832e-03 6.83792e-03
1.17944e+12 2.21860e-03 6.89913e-03
1.19037e+12 2.23907e-03 6.96086e-03
1.20139e+12 2.25972e-03 7.02312e-03
1.21252e+12 2.28056e-03 7.08589e-03
1.22375e+12 2.30160e-03 7.14921e-03
1.23508e+12 2.32283e-03 7.21303e-03
1.24652e+12 2.34425e-03 7.27743e-03
1.25807e+12 2.36586e-03 7.34231e-03
1.26972e+12 2.38768e-03 7.40781e-03
1.28148e+12 2.40969e-03 7.47377e-03
1.29335e+12 2.43190e-03 7.54038e-03
1.30533e+12 2.45432e-03 7.60744e-03
1.31742e+12 2.47694e-03 7.67515e-03
1.32962e+12 2.49977e-03 7.74334e-03
1.34194e+12 2.52280e-03 7.81217e-03
1.35437e+12 2.54605e-03 7.88151e-03
1.36691e+12 2.56950e-03 7.95147e-03
1.37957e+12 2.59317e-03 8.02198e-03
1.39235e+12 2.61706e-03 8.09309e-03
1.40525e+12 2.64116e-03 8.16479e-03
1.41826e+12 2.66549e-03 8.23706e-03
1.43140e+12 2.69003e-03 8.30995e-03
1.44466e+12 2.71480e-03 8.38340e-03
1.45804e+12 2.73979e-03 8.45751e-03
1.47154e+12 2.76501e-03 8.53215e-03
1.48517e+12 2.79045e-03 8.60749e-03
1.49893e+12 2.81613e-03 8.68334e-03
1.51281e+12 2.84205e-03 8.75993e-03
1.52682e+12 2.86819e-03 8.83701e-03
1.54096e+12 2.89458e-03 8.91484e-03
1.55524e+12 2.92120e-03 8.99319e-03
1.56964e+12 2.94807e-03 9.07226e-03
1.58418e+12 2.97518e-03 9.15190e-03
1.59885e+12 3.00253e-03 9.23224e-03
1.61366e+12 3.03013e-03 9.31319e-03
1.62861e+12 3.05799e-03 9.39481e-03
1.64369e+12 3.08609e-03 9.47708e-03
1.65892e+12 3.11445e-03 9.55999e-03
1.67428e+12 3.14306e-03 9.64361e-03
1.68979e+12 3.17193e-03 9.72783e-03
1.70544e+12 3.20106e-03 9.81281e-03
1.72124e+12 3.23046e-03 9.89836e-03
1.73718e+12 3.26012e-03 9.98472e-03
1.75327e+12 3.29005e-03 1.00716e-02
1.76951e+12 3.32025e-03 1.01594e-02
1.78590e+12 3.35072e-03 1.02476e-02
1.80244e+12 3.38147e-03 1.03367e-02
1.81913e+12 3.41249e-03 1.04264e-02
1.83598e+12 3.44380e-03 1.05169e-02
1.85299e+12 3.47537e-03 1.06080e-02
1.87015e+12 3.50725e-03 1.06999e-02
1.88747e+12 3.53939e-03 1.07925e-02
1.90496e+12 3.57184e-03 1.08858e-02
1.92260e+12 3.60457e-03 1.09798e-02
1.94041e+12 3.63760e-03 1.10745e-02
1.95838e+12 3.67092e-03 1.11701e-02
1.97652e+12 3.70455e-03 1.12662e-02
1.99482e+12 3.73847e-03 1.13633e-02
2.01330e+12 3.77270e-03 1.14609e-02
2.03195e+12 3.80723e-03 1.15595e-02
2.05077e+12 3.84207e-03 1.16586e-02
2.06976e+12 3.87722e-03 1.17587e-02
2.08893e+12 3.91269e-03 1.18593e-02
2.10828e+12 3.94848e-03 1.19609e-02
2.12781e+12 3.98458e-03 1.20631e-02
2.14752e+12 4.02101e-03 1.21662e-02
2.16741e+12 4.05775e-03 1.22700e-02
2.18748e+12 4.09484e-03 1.23746e-02
2.20774e+12 4.13223e-03 1.24800e-02
2.22819e+12 4.16998e-03 1.25862e-02
2.24883e+12 4.20805e-03 1.26932e-02
2.26966e+12 4.24647e-03 1.28009e-02
2.29068e+12 4.28522e-03 1.29096e-02
2.31190e+12 4.32432e-03 1.30189e-02
2.33331e+12 4.36376e-03 1.31292e-02
2.35492e+12 4.40356e-03 1.32401e-02
2.37674e+12 4.44370e-03 1.33521e-02
2.39875e+12 4.48421e-03 1.34646e-02
2.42097e+12 4.52507e-03 1.35783e-02
2.44339e+12 4.56629e-03 1.36924e-02
2.46602e+12 4.60788e-03 1.38077e-02
2.48886e+12 4.64982e-03 1.39235e-02
2.51191e+12 4.69215e-03 1.40405e-02
2.53518e+12 4.73484e-03 1.41581e-02
2.55866e+12 4.77792e-03 1.42766e-02
2.58236e+12 4.82136e-03 1.43960e-02
2.60628e+12 4.86521e-03 1.45162e-02
2.63042e+12 4.90941e-03 1.46374e-02
2.65478e+12 4.95402e-03 1.47593e-02
2.67937e+12 4.99901e-03 1.48822e-02
2.70419e+12 5.04441e-03 1.50058e-02
2.72923e+12 5.09018e-03 1.51305e-02
2.75451e+12 5.13638e-03 1.52559e-02
2.78003e+12 5.18296e-03 1.53824e-02
2.80578e+12 5.22996e-03 1.55094e-02
2.83176e+12 5.27737e-03 1.56378e-02
2.85799e+12 5.32519e-03 1.57666e-02
2.88446e+12 5.37343e-03 1.58967e-02
2.91118e+12 5.42208e-03 1.60274e-02
2.93814e+12 5.47117e-03 1.61592e-02
2.96536e+12 5.52067e-03 1.62918e-02
2.99282e+12 5.57062e-03 1.64254e-02
3.02054e+12 5.62097e-03 1.65598e-02
3.04852e+12 5.67180e-03 1.66953e-02
3.07676e+12 5.72302e-03 1.68316e-02
3.10525e+12 5.77473e-03 1.69688e-02
3.13401e+12 5.82684e-03 1.71071e-02
3.16304e+12 5.87944e-03 1.72461e-02
3.19234e+12 5.93246e-03 1.73863e-02
3.22191e+12 5.98596e-03 1.75271e-02
3.25175e+12 6.03991e-03 1.76693e-02
3.28187e+12 6.09433e-03 1.78119e-02
3.31226e+12 6.14921e-03 1.79560e-02
3.34294e+12 6.20456e-03 1.81005e-02
3.37391e+12 6.26040e-03 1.82465e-02
3.40516e+12 6.31670e-03 1.83930e-02
3.43670e+12 6.37350e-03 1.85408e-02
3.46853e+12 6.43075e-03 1.86893e-02
3.50065e+12 6.48854e-03 1.88390e-02
3.53308e+12 6.54676e-03 1.89895e-02
3.56580e+12 6.60554e-03 1.91410e-02
3.59883e+12 6.66476e-03 1.92936e-02
3.63216e+12 6.72453e-03 1.94470e-02
3.66580e+12 6.78476e-03 1.96016e-02
3.69976e+12 6.84555e-03 1.97570e-02
3.73402e+12 6.90681e-03 1.99136e-02
3.76861e+12 6.96862e-03 2.00708e-02
3.80351e+12 7.03093e-03 2.02296e-02
3.83874e+12 7.09378e-03 2.03887e-02
3.87430e+12 7.15715e-03 2.05495e-02
3.91018e+12 7.22105e-03 2.07106e-02
3.94640e+12 7.28550e-03 2.08733e-02
3.98295e+12 7.35047e-03 2.10365e-02
4.01984e+12 7.41602e-03 2.12012e-02
4.05708e+12 7.48207e-03 2.13664e-02
4.09465e+12 7.54873e-03 2.15330e-02
4.13258e+12 7.61587e-03 2.17004e-02
4.17085e+12 7.68366e-03 2.18690e-02
4.20949e+12 7.75191e-03 2.20385e-02
4.24848e+12 7.82082e-03 2.22090e-02
4.28783e+12 7.89022e-03 2.23807e-02
4.32754e+12 7.96027e-03 2.25531e-02
4.36762e+12 8.03084e-03 2.27271e-02
4.40808e+12 8.10203e-03 2.29014e-02
4.44890e+12 8.17378e-03 2.30775e-02
4.49011e+12 8.24614e-03 2.32538e-02
4.53170e+12 8.31909e-03 2.34320e-02
4.57367e+12 8.39263e-03 2.36103e-02
4.61604e+12 8.46680e-03 2.37906e-02
4.65879e+12 8.54153e-03 2.39710e-02
4.70194e+12 8.61694e-03 2.41532e-02
4.74549e+12 8.69288e-03 2.43359e-02
4.78944e+12 8.76953e-03 2.45201e-02
4.83381e+12 8.84670e-03 2.47050e-02
4.87858e+12 8.92462e-03 2.48911e-02
4.92376e+12 9.00303e-03 2.50782e-02
4.96937e+12 9.08220e-03 2.52663e-02
5.01540e+12 9.16190e-03 2.54557e-02
5.06185e+12 9.24234e-03 2.56457e-02
5.10873e+12 9.32335e-03 2.58374e-02
5.15605e+12 9.40506e-03 2.60294e-02
5.20381e+12 9.48740e-03 2.62234e-02
5.25201e+12 9.57041e-03 2.64173e-02
5.30065e+12 9.65409e-03 2.66135e-02
5.34975e+12 9.73842e-03 2.68094e-02
5.39930e+12 9.82346e-03 2.70075e-02
5.44931e+12 9.90911e-03 2.72057e-02
5.49978e+12 9.99553e-03 2.74059e-02
5.55072e+12 1.00825e-02 2.76063e-02
5.60213e+12 1.01703e-02 2.78084e-02
5.65402e+12 1.02587e-02 2.80112e-02
5.70639e+12 1.03479e-02 2.82152e-02
5.75924e+12 1.04377e-02 2.84203e-02
5.81258e+12 1.05283e-02 2.86262e-02
5.86642e+12 1.06194e-02 2.88336e-02
5.92076e+12 1.07114e-02 2.90415e-02
5.97560e+12 1.08041e-02 2.92512e-02
6.03094e+12 1.08975e-02 2.94610e-02
6.08680e+12 1.09916e-02 2.96731e-02
6.14318e+12 1.10864e-02 2.98848e-02
6.20008e+12 1.11820e-02 3.00991e-02
6.25751e+12 1.12783e-02 3.03128e-02
6.31546e+12 1.13754e-02 3.05290e-02
6.37396e+12 1.14732e-02 3.07450e-02
6.43300e+12 1.15718e-02 3.09632e-02
6.49258e+12 1.16711e-02 3.11815e-02
6.55272e+12 1.17712e-02 3.14015e-02
6.61341e+12 1.18720e-02 3.16222e-02
6.67466e+12 1.19737e-02 3.18441e-02
6.73648e+12 1.20759e-02 3.20671e-02
6.79888e+12 1.21792e-02 3.22910e-02
6.86185e+12 1.22830e-02 3.25163e-02
6.92541e+12 1.23878e-02 3.27420e-02
6.98955e+12 1.24932e-02 3.29696e-02
7.05429e+12 1.25995e-02 3.31972e-02
7.11963e+12 1.27066e-02 3.34272e-02
7.18557e+12 1.28145e-02 3.36565e-02
7.25213e+12 1.29232e-02 3.38888e-02
7.31930e+12 1.30326e-02 3.41201e-02
7.38709e+12 1.31430e-02 3.43542e-02
7.45551e+12 1.32540e-02 3.45878e-02
7.52456e+12 1.33661e-02 3.48238e-02
7.59426e+12 1.34787e-02 3.50597e-02
7.66460e+12 1.35925e-02 3.52974e-02
7.73559e+12 1.37067e-02 3.55357e-02
7.80724e+12 1.38222e-02 3.57752e-02
7.87955e+12 1.39381e-02 3.60158e-02
7.95253e+12 1.40552e-02 3.62571e-02
8.02619e+12 1.41728e-02 3.65000e-02
8.10053e+12 1.42915e-02 3.67430e-02
8.17556e+12 1.44109e-02 3.69883e-02
8.25128e+12 1.45314e-02 3.72330e-02
8.32771e+12 1.46525e-02 3.74806e-02
8.40484e+12 1.47746e-02 3.77271e-02
8.48269e+12 1.48976e-02 3.79768e-02
8.56125e+12 1.50214e-02 3.82252e-02
8.64055e+12 1.51461e-02 3.84766e-02
8.72058e+12 1.52716e-02 3.87272e-02
8.80135e+12 1.53982e-02 3.89804e-02
8.88287e+12 1.55254e-02 3.92332e-02
8.96515e+12 1.56539e-02 3.94881e-02
9.04818e+12 1.57828e-02 3.97432e-02
9.13199e+12 1.59131e-02 3.99997e-02
9.21657e+12 1.60438e-02 4.02571e-02
9.30194e+12 1.61758e-02 4.05152e-02
9.38809e+12 1.63084e-02 4.07749e-02
9.47505e+12 1.64422e-02 4.10346e-02
9.56281e+12 1.65767e-02 4.12966e-02
9.65138e+12 1.67123e-02 4.15578e-02
9.74077e+12 1.68487e-02 4.18221e-02
9.83099e+12 1.69860e-02 4.20848e-02
9.92205e+12 1.71244e-02 4.23512e-02
1.00140e+13 1.72635e-02 4.26156e-02
1.01067e+13 1.74038e-02 4.28836e-02
1.02003e+13 1.75448e-02 4.31502e-02
1.02948e+13 1.76870e-02 4.34196e-02
1.03901e+13 1.78298e-02 4.36885e-02
1.04864e+13 1.79740e-02 4.39594e-02
1.05835e+13 1.81187e-02 4.42304e-02
1.06815e+13 1.82649e-02 4.45028e-02
1.07805e+13 1.84114e-02 4.47760e-02
1.08803e+13 1.85594e-02 4.50498e-02
1.09811e+13 1.87079e-02 4.53253e-02
1.10828e+13 1.88578e-02 4.56004e-02
1.11855e+13 1.90083e-02 4.58781e-02
1.12891e+13 1.91601e-02 4.61545e-02
1.13936e+13 1.93127e-02 4.64344e-02
1.14991e+13 1.94663e-02 4.67122e-02
1.16057e+13 1.96210e-02 4.69940e-02
1.17131e+13 1.97765e-02 4.72733e-02
1.18216e+13 1.99332e-02 4.75564e-02
1.19311e+13 2.00906e-02 4.78378e-02
1.20416e+13 2.02494e-02 4.81222e-02
1.21532e+13 2.04087e-02 4.84057e-02
1.22657e+13 2.05696e-02 4.86914e-02
1.23793e+13 2.07308e-02 4.89769e-02
1.24940e+13 2.08938e-02 4.92638e-02
1.26097e+13 2.10570e-02 4.95515e-02
1.27265e+13 2.12219e-02 4.98395e-02
1.28444e+13 2.13872e-02 5.01293e-02
1.29634e+13 2.15540e-02 5.04184e-02
1.30834e+13 2.17214e-02 5.07103e-02
1.32046e+13 2.18902e-02 5.10005e-02
1.33269e+13 2.20597e-02 5.12945e-02
1.34504e+13 2.22305e-02 5.15857e-02
1.35749e+13 2.24022e-02 5.18815e-02
1.37007e+13 2.25748e-02 5.21740e-02
1.38276e+13 2.27487e-02 5.24708e-02
1.39556e+13 2.29233e-02 5.27654e-02
1.40849e+13 2.30994e-02 5.30632e-02
1.42154e+13 2.32760e-02 5.33597e-02
1.43470e+13 2.34543e-02 5.36584e-02
1.44799e+13 2.36327e-02 5.39569e-02
1.46140e+13 2.38132e-02 5.42566e-02
1.47494e+13 2.39937e-02 5.45570e-02
1.48860e+13 2.41761e-02 5.48576e-02
1.50239e+13 2.43588e-02 5.51599e-02
1.51630e+13 2.45432e-02 5.54614e-02
1.53035e+13 2.47281e-02 5.57657e-02
1.54452e+13 2.49145e-02 5.60679e-02
1.55883e+13 2.51016e-02 5.63741e-02
1.57326e+13 2.52900e-02 5.66771e-02
1.58784e+13 2.54794e-02 5.69849e-02
1.60254e+13 2.56697e-02 5.72889e-02
1.61739e+13 2.58613e-02 5.75975e-02
1.63237e+13 2.60536e-02 5.79033e-02
1.64749e+13 2.62475e-02 5.82126e-02
1.66275e+13 2.64417e-02 5.85203e-02
1.67815e+13 2.66379e-02 5.88302e-02
1.69369e+13 2.68340e-02 5.91396e-02
1.70938e+13 2.70325e-02 5.94502e-02
1.72521e+13 2.72306e-02 5.97615e-02
1.74119e+13 2.74310e-02 6.00726e-02
1.75732e+13 2.76315e-02 6.03856e-02
1.77359e+13 2.78338e-02 6.06973e-02
1.79002e+13 2.80365e-02 6.10121e-02
1.80660e+13 2.82409e-02 6.13242e-02
1.82333e+13 2.84459e-02 6.16408e-02
1.84022e+13 2.86521e-02 6.19534e-02
1.85726e+13 2.88595e-02 6.22713e-02
1.87447e+13 2.90677e-02 6.25847e-02
1.89183e+13 2.92773e-02 6.29030e-02
1.90935e+13 2.94874e-02 6.32180e-02
1.92704e+13 2.96994e-02 6.35367e-02
1.94488e+13 2.99114e-02 6.38534e-02
1.96290e+13 3.01257e-02 6.41725e-02
1.98108e+13 3.03397e-02 6.44907e-02
1.99943e+13 3.05562e-02 6.48101e-02
2.01795e+13 3.07721e-02 6.51300e-02
2.03664e+13 3.09906e-02 6.54496e-02
2.05550e+13 3.12089e-02 6.57710e-02
2.07454e+13 3.14292e-02 6.60908e-02
2.09375e+13 3.16498e-02 6.64139e-02
2.11315e+13 3.18721e-02 6.67338e-02
2.13272e+13 3.20950e-02 6.70585e-02
2.15247e+13 3.23191e-02 6.73785e-02
2.17241e+13 3.25443e-02 6.77043e-02
2.19253e+13 3.27704e-02 6.80248e-02
2.21284e+13 3.29979e-02 6.83507e-02
2.23333e+13 3.32258e-02 6.86727e-02
2.25402e+13 3.34557e-02 6.89986e-02
2.27490e+13 3.36854e-02 6.93220e-02
2.29597e+13 3.39177e-02 6.96480e-02
2.31723e+13 3.41492e-02 6.99728e-02
2.33870e+13 3.43837e-02 7.02987e-02
2.36036e+13 3.46171e-02 7.06250e-02
2.38222e+13 3.48535e-02 7.09507e-02
2.40428e+13 3.50892e-02 7.12784e-02
2.42655e+13 3.53274e-02 7.16040e-02
2.44903e+13 3.55654e-02 7.19331e-02
2.47171e+13 3.58054e-02 7.22585e-02
2.49461e+13 3.60458e-02 7.25890e-02
2.51771e+13 3.62875e-02 7.29142e-02
2.54103e+13 3.65302e-02 7.32455e-02
2.56457e+13 3.67736e-02 7.35709e-02
2.58832e+13 3.70187e-02 7.39020e-02
2.61229e+13 3.72639e-02 7.42286e-02
2.63649e+13 3.75112e-02 7.45594e-02
2.66091e+13 3.77581e-02 7.48873e-02
2.68555e+13 3.80078e-02 7.52178e-02
2.71043e+13 3.82564e-02 7.55469e-02
2.73553e+13 3.85083e-02 7.58770e-02
2.76087e+13 3.87587e-02 7.62073e-02
2.78644e+13 3.90122e-02 7.65369e-02
2.81225e+13 3.92649e-02 7.68685e-02
2.83830e+13 3.95202e-02 7.71976e-02
2.86459e+13 3.97751e-02 7.75304e-02
2.89112e+13 4.00320e-02 7.78590e-02
2.91790e+13 4.02892e-02 7.81929e-02
2.94492e+13 4.05477e-02 7.85209e-02
2.97220e+13 4.08072e-02 7.88555e-02
2.99973e+13 4.10673e-02 7.91834e-02
3.02751e+13 4.13290e-02 7.95174e-02
3.05555e+13 4.15907e-02 7.98463e-02
3.08386e+13 4.18547e-02 8.01797e-02
3.11242e+13 4.21179e-02 8.05097e-02
3.14125e+13 4.23842e-02 8.08424e-02
3.17034e+13 4.26489e-02 8.11735e-02
3.19971e+13 4.29173e-02 8.15054e-02
3.22934e+13 4.31837e-02 8.18375e-02
3.25925e+13 4.34536e-02 8.21686e-02
3.28944e+13 4.37221e-02 8.25017e-02
3.31991e+13 4.39935e-02 8.28321e-02
3.35066e+13 4.42643e-02 8.31662e-02
3.38169e+13 4.45371e-02 8.34956e-02
3.41301e+13 4.48101e-02 8.38307e-02
3.44463e+13 4.50843e-02 8.41593e-02
3.47653e+13 4.53594e-02 8.44948e-02
3.50873e+13 4.56351e-02 8.48229e-02
3.54123e+13 4.59124e-02 8.51575e-02
3.57403e+13 4.61894e-02 8.54865e-02
3.60713e+13 4.64689e-02 8.58201e-02
3.64054e+13 4.67472e-02 8.61500e-02
3.67426e+13 4.70289e-02 8.64826e-02
3.70829e+13 4.73084e-02 8.68133e-02
3.74264e+13 4.75921e-02 8.71449e-02
3.77730e+13 4.78731e-02 8.74764e-02
3.81229e+13 4.81580e-02 8.78069e-02
3.84760e+13 4.84412e-02 8.81393e-02
3.88324e+13 4.87274e-02 8.84686e-02
3.91921e+13 4.90126e-02 8.88018e-02
3.95551e+13 4.93000e-02 8.91299e-02
3.99214e+13 4.95873e-02 8.94639e-02
4.02912e+13 4.98758e-02 8.97908e-02
4.06644e+13 5.01652e-02 9.01249e-02
4.10410e+13 5.04549e-02 9.04511e-02
4.14211e+13 5.07463e-02 9.07841e-02
4.18048e+13 5.10371e-02 9.11110e-02
4.21920e+13 5.13306e-02 9.14426e-02
4.25828e+13 5.16225e-02 9.17702e-02
4.29772e+13 5.19180e-02 9.21006e-02
4.33753e+13 5.22109e-02 9.24288e-02
4.37770e+13 5.25082e-02 9.27578e-02
4.41825e+13 5.28023e-02 9.30867e-02
4.45917e+13 5.31007e-02 9.34143e-02
4.50047e+13 5.33968e-02 9.37438e-02
4.54216e+13 5.36961e-02 9.40700e-02
4.58423e+13 5.39941e-02 9.44002e-02
4.62669e+13 5.42944e-02 9.47248e-02
4.66954e+13 5.45943e-02 9.50556e-02
4.71279e+13 5.48955e-02 9.53787e-02
4.75644e+13 5.51974e-02 9.57095e-02
4.80050e+13 5.54994e-02 9.60317e-02
4.84496e+13 5.58032e-02 9.63609e-02
4.88983e+13 5.61060e-02 9.66837e-02
4.93513e+13 5.64117e-02 9.70113e-02
4.98084e+13 5.67153e-02 9.73346e-02
5.02697e+13 5.70229e-02 9.76606e-02
5.07353e+13 5.73272e-02 9.79843e-02
5.12052e+13 5.76364e-02 9.83087e-02
5.16795e+13 5.79417e-02 9.86330e-02
5.21582e+13 5.82516e-02 9.89557e-02
5.26412e+13 5.85587e-02 9.92804e-02
5.31288e+13 5.88693e-02 9.96014e-02
5.36209e+13 5.91782e-02 9.99266e-02
5.41176e+13 5.94894e-02 1.00246e-01
5.46188e+13 5.98001e-02 1.00571e-01
5.51247e+13 6.01119e-02 1.00889e-01
5.56353e+13 6.04243e-02 1.01214e-01
5.61506e+13 6.07366e-02 1.01531e-01
5.66707e+13 6.10508e-02 1.01854e-01
5.71955e+13 6.13636e-02 1.02171e-01
5.77253e+13 6.16796e-02 1.02493e-01
5.82600e+13 6.19928e-02 1.02810e-01
5.87996e+13 6.23105e-02 1.03130e-01
5.93442e+13 6.26242e-02 1.03447e-01
5.98939e+13 6.29432e-02 1.03765e-01
6.04486e+13 6.32576e-02 1.04083e-01
6.10085e+13 6.35770e-02 1.04399e-01
6.15736e+13 6.38930e-02 1.04717e-01
6.21439e+13 6.42127e-02 1.05031e-01
6.27195e+13 6.45303e-02 1.05349e-01
6.33004e+13 6.48504e-02 1.05661e-01
6.38867e+13 6.51696e-02 1.05980e-01
6.44784e+13 6.54899e-02 1.06290e-01
6.50756e+13 6.58107e-02 1.06608e-01
6.56784e+13 6.61312e-02 1.06917e-01
6.62867e+13 6.64536e-02 1.07233e-01
6.69006e+13 6.67742e-02 1.07542e-01
6.75203e+13 6.70982e-02 1.07856e-01
6.81457e+13 6.74189e-02 1.08166e-01
6.87769e+13 6.77444e-02 1.08478e-01
6.94139e+13 6.80652e-02 1.08787e-01
7.00568e+13 6.83919e-02 1.09097e-01
7.07057e+13 6.87131e-02 1.09406e-01
7.13606e+13 6.90398e-02 1.09714e-01
7.20215e+13 6.93624e-02 1.10024e-01
7.26886e+13 6.96891e-02 1.10330e-01
7.33619e+13 7.00132e-02 1.10640e-01
7.40414e+13 7.03398e-02 1.10943e-01
7.47271e+13 7.06653e-02 1.11253e-01
7.54193e+13 7.09919e-02 1.11554e-01
7.61178e+13 7.13188e-02 1.11864e-01
7.68228e+13 7.16452e-02 1.12163e-01
7.75344e+13 7.19735e-02 1.12471e-01
7.82525e+13 7.22997e-02 1.12770e-01
7.89773e+13 7.26293e-02 1.13075e-01
7.97088e+13 7.29553e-02 1.13375e-01
8.04471e+13 7.32863e-02 1.13678e-01
8.11922e+13 7.36120e-02 1.13978e-01
8.19442e+13 7.39438e-02 1.14278e-01
8.27032e+13 7.42696e-02 1.14578e-01
8.34692e+13 7.46012e-02 1.14876e-01
8.42423e+13 7.49283e-02 1.15176e-01
8.50226e+13 7.52595e-02 1.15472e-01
8.58101e+13 7.55878e-02 1.15772e-01
8.66049e+13 7.59187e-02 1.16066e-01
8.74070e+13 7.62482e-02 1.16366e-01
8.82166e+13 7.65786e-02 1.16657e-01
8.90337e+13 7.69093e-02 1.16956e-01
8.98583e+13 7.72392e-02 1.17245e-01
9.06906e+13 7.75711e-02 1.17542e-01
9.15306e+13 7.79005e-02 1.17832e-01
9.23784e+13 7.82336e-02 1.18126e-01
9.32340e+13 7.85624e-02 1.18415e-01
9.40976e+13 7.88966e-02 1.18707e-01
9.49691e+13 7.92248e-02 1.18997e-01
9.58487e+13 7.95596e-02 1.19286e-01
9.67365e+13 7.98877e-02 1.19575e-01
9.76325e+13 8.02218e-02 1.19863e-01
9.85368e+13 8.05509e-02 1.20152e-01
9.94495e+13 8.08844e-02 1.20436e-01
1.00371e+14 8.12146e-02 1.20725e-01
1.01300e+14 8.15474e-02 1.21008e-01
1.02239e+14 8.18785e-02 1.21296e-01
1.03185e+14 8.22105e-02 1.21576e-01
1.04141e+14 8.25427e-02 1.21864e-01
1.05106e+14 8.28738e-02 1.22142e-01
1.06079e+14 8.32070e-02 1.22427e-01
1.07062e+14 8.35373e-02 1.22705e-01
1.08053e+14 8.38714e-02 1.22988e-01
1.09054e+14 8.42008e-02 1.23266e-01
1.10064e+14 8.45359e-02 1.23546e-01
1.11084e+14 8.48643e-02 1.23824e-01
1.12113e+14 8.51998e-02 1.24101e-01
1.13151e+14 8.55278e-02 1.24379e-01
1.14199e+14 8.58623e-02 1.24654e-01
1.15257e+14 8.61912e-02 1.24931e-01
1.16324e+14 8.65247e-02 1.25204e-01
1.17402e+14 8.68544e-02 1.25481e-01
1.18489e+14 8.71868e-02 1.25751e-01
1.19587e+14 8.75174e-02 1.26027e-01
1.20694e+14 8.78487e-02 1.26295e-01
1.21812e+14 8.81801e-02 1.26571e-01
1.22940e+14 8.85102e-02 1.26836e-01
1.24079e+14 8.88424e-02 1.27109e-01
1.25228e+14 8.91714e-02 1.27375e-01
1.26388e+14 8.95044e-02 1.27645e-01
1.27559e+14 8.98321e-02 1.27910e-01
1.28740e+14 9.01659e-02 1.28178e-01
1.29933e+14 9.04924e-02 1.28443e-01
1.31136e+14 9.08262e-02 1.28708e-01
1.32351e+14 9.11520e-02 1.28972e-01
1.33577e+14 9.14846e-02 1.29235e-01
1.34814e+14 9.18111e-02 1.29499e-01
1.36063e+14 9.21424e-02 1.29759e-01
1.37323e+14 9.24695e-02 1.30023e-01
1.38595e+14 9.27994e-02 1.30280e-01
1.39878e+14 9.31273e-02 1.30544e-01
1.41174e+14 9.34558e-02 1.30798e-01
1.42482e+14 9.37842e-02 1.31061e-01
1.43801e+14 9.41113e-02 1.31313e-01
1.45133e+14 9.44403e-02 1.31573e-01
1.46477e+14 9.47659e-02 1.31825e-01
1.47834e+14 9.50956e-02 1.32083e-01
1.49203e+14 9.54196e-02 1.32335e-01
1.50585e+14 9.57499e-02 1.32589e-01
1.51980e+14 9.60724e-02 1.32841e-01
1.53388e+14 9.64026e-02 1.33092e-01
1.54808e+14 9.67242e-02 1.33343e-01
1.56242e+14 9.70528e-02 1.33592e-01
1.57689e+14 9.73749e-02 1.33843e-01
1.59150e+14 9.77019e-02 1.34090e-01
1.60624e+14 9.80245e-02 1.34340e-01
1.62112e+14 9.83498e-02 1.34584e-01
1.63613e+14 9.86729e-02 1.34834e-01
1.65129e+14 9.89966e-02 1.35075e-01
1.66658e+14 9.93201e-02 1.35323e-01
1.68202e+14 9.96421e-02 1.35562e-01
1.69760e+14 9.99661e-02 1.35808e-01
1.71332e+14 1.00286e-01 1.36047e-01
1.72919e+14 1.00611e-01 1.36290e-01
1.74521e+14 1.00929e-01 1.36528e-01
1.76137e+14 1.01254e-01 1.36769e-01
1.77768e+14 1.01571e-01 1.37007e-01
1.79415e+14 1.01895e-01 1.37245e-01
1.81077e+14 1.02211e-01 1.37482e-01
1.82754e+14 1.02533e-01 1.37717e-01
1.84447e+14 1.02849e-01 1.37954e-01
1.86155e+14 1.03170e-01 1.38186e-01
1.87879e+14 1.03486e-01 1.38423e-01
1.89619e+14 1.03805e-01 1.38652e-01
1.91376e+14 1.04122e-01 1.38888e-01
1.93148e+14 1.04439e-01 1.39115e-01
1.94937e+14 1.04756e-01 1.39350e-01
1.96743e+14 1.05071e-01 1.39575e-01
1.98565e+14 1.05388e-01 1.39806e-01
2.00404e+14 1.05701e-01 1.40031e-01
2.02260e+14 1.06018e-01 1.40260e-01
2.04134e+14 1.06329e-01 1.40484e-01
2.06024e+14 1.06647e-01 1.40710e-01
2.07933e+14 1.06956e-01 1.40934e-01
2.09859e+14 1.07273e-01 1.41157e-01
2.11802e+14 1.07581e-01 1.41381e-01
2.13764e+14 1.07896e-01 1.41601e-01
2.15744e+14 1.08204e-01 1.41824e-01
2.17742e+14 1.08517e-01 1.42042e-01
2.19759e+14 1.08825e-01 1.42264e-01
2.21795e+14 1.09136e-01 1.42479e-01
2.23849e+14 1.09444e-01 1.42701e-01
2.25922e+14 1.09753e-01 1.42913e-01
2.28015e+14 1.10062e-01 1.43133e-01
2.30127e+14 1.10368e-01 1.43344e-01
2.32258e+14 1.10677e-01 1.43561e-01
2.34409e+14 1.10981e-01 1.43772e-01
2.36580e+14 1.11290e-01 1.43986e-01
2.38772e+14 1.11592e-01 1.44196e-01
2.40983e+14 1.11901e-01 1.44408e-01
2.43215e+14 1.12201e-01 1.44617e-01
2.45468e+14 1.12510e-01 1.44826e-01
2.47742e+14 1.12808e-01 1.45034e-01
2.50036e+14 1.13114e-01 1.45241e-01
2.52352e+14 1.13413e-01 1.45449e-01
2.54689e+14 1.13716e-01 1.45652e-01
2.57048e+14 1.14015e-01 1.45860e-01
2.59429e+14 1.14316e-01 1.46061e-01
2.61832e+14 1.14615e-01 1.46267e-01
2.64257e+14 1.14914e-01 1.46466e-01
2.66705e+14 1.15213e-01 1.46671e-01
2.69175e+14 1.15510e-01 1.46867e-01
2.71668e+14 1.15808e-01 1.47070e-01
2.74185e+14 1.16103e-01 1.47266e-01
2.76724e+14 1.16402e-01 1.47465e-01
2.79287e+14 1.16694e-01 1.47661e-01
2.81874e+14 1.16992e-01 1.47858e-01
2.84485e+14 1.17282e-01 1.48052e-01
2.87120e+14 1.17580e-01 1.48247e-01
2.89779e+14 1.17868e-01 1.48441e-01
2.92463e+14 1.18163e-01 1.48632e-01
2.95172e+14 1.18451e-01 1.48826e-01
2.97906e+14 1.18744e-01 1.49015e-01
3.00665e+14 1.19032e-01 1.49208e-01
3.03450e+14 1.19323e-01 1.49394e-01
3.06260e+14 1.19611e-01 1.49586e-01
3.09097e+14 1.19899e-01 1.49770e-01
3.11960e+14 1.20187e-01 1.49960e-01
3.14849e+14 1.20473e-01 1.50142e-01
3.17766e+14 1.20760e-01 1.50330e-01
3.20709e+14 1.21043e-01 1.50511e-01
3.23679e+14 1.21331e-01 1.50697e-01
3.26677e+14 1.21612e-01 1.50877e-01
3.29703e+14 1.21899e-01 1.51060e-01
3.32757e+14 1.22177e-01 1.51240e-01
3.35839e+14 1.22464e-01 1.51420e-01
3.38950e+14 1.22740e-01 1.51599e-01
3.42089e+14 1.23024e-01 1.51776e-01
3.45257e+14 1.23300e-01 1.51955e-01
3.48455e+14 1.23582e-01 1.52130e-01
3.51683e+14 1.23858e-01 1.52308e-01
3.54940e+14 1.24137e-01 1.52480e-01
3.58228e+14 1.24413e-01 1.52657e-01
3.61546e+14 1.24689e-01 1.52826e-01
3.64894e+14 1.24965e-01 1.53002e-01
3.68274e+14 1.25238e-01 1.53170e-01
3.71685e+14 1.25514e-01 1.53343e-01
3.75128e+14 1.25785e-01 1.53510e-01
3.78602e+14 1.26060e-01 1.53681e-01
3.82109e+14 1.26329e-01 1.53847e-01
3.85648e+14 1.26604e-01 1.54015e-01
3.89220e+14 1.26870e-01 1.54180e-01
3.92825e+14 1.27144e-01 1.54346e-01
3.96463e+14 1.27408e-01 1.54511e-01
4.00135e+14 1.27679e-01 1.54674e-01
4.03842e+14 1.27943e-01 1.54838e-01
4.07582e+14 1.28212e-01 1.54998e-01
4.11357e+14 1.28475e-01 1.55161e-01
4.15167e+14 1.28742e-01 1.55319e-01
4.19013e+14 1.29005e-01 1.55482e-01
4.22894e+14 1.29268e-01 1.55637e-01
4.26811e+14 1.29531e-01 1.55798e-01
4.30764e+14 1.29792e-01 1.55952e-01
4.34754e+14 1.30055e-01 1.56111e-01
4.38780e+14 1.30313e-01 1.56264e-01
4.42844e+14 1.30575e-01 1.56420e-01
4.46946e+14 1.30831e-01 1.56572e-01
4.51086e+14 1.31093e-01 1.56725e-01
4.55264e+14 1.31345e-01 1.56877e-01
4.59481e+14 1.31606e-01 1.57028e-01
4.63736e+14 1.31857e-01 1.57179e-01
4.68032e+14 1.32115e-01 1.57327e-01
4.72367e+14 1.32366e-01 1.57477e-01
4.76742e+14 1.32621e-01 1.57624e-01
4.81157e+14 1.32872e-01 1.57773e-01
4.85614e+14 1.33124e-01 1.57917e-01
4.90112e+14 1.33374e-01 1.58065e-01
4.94651e+14 1.33624e-01 1.58206e-01
4.99233e+14 1.33874e-01 1.58353e-01
5.03857e+14 1.34121e-01 1.58493e-01
5.08524e+14 1.34370e-01 1.58637e-01
5.13234e+14 1.34615e-01 1.58776e-01
5.17987e+14 1.34863e-01 1.58918e-01
5.22785e+14 1.35105e-01 1.59057e-01
5.27627e+14 1.35354e-01 1.59196e-01
5.32514e+14 1.35593e-01 1.59334e-01
5.37446e+14 1.35840e-01 1.59471e-01
5.42424e+14 1.36077e-01 1.59608e-01
5.47448e+14 1.36321e-01 1.59743e-01
5.52519e+14 1.36558e-01 1.59879e-01
5.57637e+14 1.36800e-01 1.60011e-01
5.62801e+14 1.37036e-01 1.60146e-01
5.68014e+14 1.37275e-01 1.60277e-01
5.73275e+14 1.37511e-01 1.60411e-01
5.78585e+14 1.37747e-01 1.60539e-01
5.83944e+14 1.37983e-01 1.60672e-01
5.89353e+14 1.38216e-01 1.60798e-01
5.94811e+14 1.38451e-01 1.60929e-01
6.00321e+14 1.38681e-01 1.61054e-01
6.05881e+14 1.38916e-01 1.61183e-01
6.11493e+14 1.39144e-01 1.61307e-01
6.17156e+14 1.39378e-01 1.61433e-01
6.22873e+14 1.39603e-01 1.61557e-01
6.28642e+14 1.39836e-01 1.61681e-01
6.34464e+14 1.40059e-01 1.61804e-01
6.40341e+14 1.40289e-01 1.61926e-01
6.46272e+14 1.40512e-01 1.62048e-01
6.52258e+14 1.40739e-01 1.62168e-01
6.58299e+14 1.40961e-01 1.62289e-01
6.64396e+14 1.41186e-01 1.62406e-01
6.70550e+14 1.41408e-01 1.62527e-01
6.76761e+14 1.41629e-01 1.62642e-01
6.83029e+14 1.41851e-01 1.62762e-01
6.89356e+14 1.42070e-01 1.62875e-01
6.95741e+14 1.42290e-01 1.62992e-01
7.02185e+14 1.42507e-01 1.63105e-01
7.08688e+14 1.42727e-01 1.63220e-01
7.15252e+14 1.42940e-01 1.63332e-01
7.21877e+14 1.43160e-01 1.63444e-01
7.28563e+14 1.43371e-01 1.63555e-01
7.35311e+14 1.43589e-01 1.63666e-01
7.42122e+14 1.43798e-01 1.63776e-01
7.48996e+14 1.44013e-01 1.63885e-01
7.55933e+14 1.44222e-01 1.63995e-01
7.62935e+14 1.44435e-01 1.64101e-01
7.70001e+14 1.44642e-01 1.64210e-01
7.77133e+14 1.44852e-01 1.64314e-01
7.84331e+14 1.45060e-01 1.64422e-01
7.91596e+14 1.45267e-01 1.64524e-01
7.98928e+14 1.45474e-01 1.64631e-01
8.06327e+14 1.45678e-01 1.64732e-01
8.13796e+14 1.45884e-01 1.64836e-01
8.21333e+14 1.46086e-01 1.64936e-01
8.28941e+14 1.46292e-01 1.65039e-01
8.36618e+14 1.46491e-01 1.65138e-01
8.44367e+14 1.46696e-01 1.65238e-01
8.52188e+14 1.46892e-01 1.65337e-01
8.60081e+14 1.47096e-01 1.65435e-01
8.68047e+14 1.47290e-01 1.65533e-01
8.76087e+14 1.47491e-01 1.65630e-01
8.84202e+14 1.47685e-01 1.65727e-01
8.92391e+14 1.47883e-01 1.65821e-01
9.00657e+14 1.48076e-01 1.65917e-01
9.08999e+14 1.48272e-01 1.66010e-01
9.17418e+14 1.48464e-01 1.66105e-01
9.25916e+14 1.48657e-01 1.66196e-01
9.34492e+14 1.48849e-01 1.66290e-01
9.43147e+14 1.49039e-01 1.66379e-01
9.51883e+14 1.49230e-01 1.66471e-01
9.60699e+14 1.49418e-01 1.66559e-01
9.69597e+14 1.49609e-01 1.66650e-01
9.78578e+14 1.49793e-01 1.66737e-01
9.87642e+14 1.49983e-01 1.66826e-01
9.96790e+14 1.50165e-01 1.66913e-01
1.00602e+15 1.50354e-01 1.66999e-01
1.01534e+15 1.50534e-01 1.67085e-01
1.02474e+15 1.50720e-01 1.67170e-01
1.03424e+15 1.50900e-01 1.67255e-01
1.04381e+15 1.51083e-01 1.67338e-01
1.05348e+15 1.51262e-01 1.67423e-01
1.06324e+15 1.51443e-01 1.67504e-01
1.07309e+15 1.51621e-01 1.67587e-01
1.08303e+15 1.51799e-01 1.67667e-01
1.09306e+15 1.51976e-01 1.67749e-01
1.10318e+15 1.52152e-01 1.67827e-01
1.11340e+15 1.52329e-01 1.67908e-01
1.12371e+15 1.52502e-01 1.67985e-01
1.13412e+15 1.52678e-01 1.68064e-01
1.14463e+15 1.52848e-01 1.68141e-01
1.15523e+15 1.53023e-01 1.68218e-01
1.16593e+15 1.53191e-01 1.68294e-01
1.17673e+15 1.53365e-01 1.68369e-01
1.18763e+15 1.53531e-01 1.68444e-01
1.19863e+15 1.53702e-01 1.68518e-01
1.20973e+15 1.53867e-01 1.68593e-01
1.22093e+15 1.54036e-01 1.68665e-01
1.23224e+15 1.54201e-01 1.68738e-01
1.24365e+15 1.54367e-01 1.68809e-01
1.25517e+15 1.54531e-01 1.68882e-01
1.26680e+15 1.54694e-01 1.68950e-01
1.27853e+15 1.54857e-01 1.69022e-01
1.29037e+15 1.55019e-01 1.69090e-01
1.30233e+15 1.55181e-01 1.69160e-01
1.31439e+15 1.55339e-01 1.69227e-01
1.32656e+15 1.55501e-01 1.69295e-01
1.33885e+15 1.55657e-01 1.69361e-01
1.35125e+15 1.55818e-01 1.69428e-01
1.36377e+15 1.55972e-01 1.69494e-01
1.37640e+15 1.56131e-01 1.69559e-01
1.38915e+15 1.56283e-01 1.69624e-01
1.40201e+15 1.56440e-01 1.69687e-01
1.41500e+15 1.56591e-01 1.69752e-01
1.42810e+15 1.56745e-01 1.69814e-01
1.44133e+15 1.56895e-01 1.69877e-01
1.45468e+15 1.57047e-01 1.69938e-01
1.46815e+15 1.57197e-01 1.70000e-01
1.48175e+15 1.57346e-01 1.70060e-01
1.49548e+15 1.57495e-01 1.70121e-01
1.50933e+15 1.57642e-01 1.70179e-01
1.52331e+15 1.57790e-01 1.70240e-01
1.53742e+15 1.57935e-01 1.70297e-01
1.55166e+15 1.58082e-01 1.70356e-01
1.56603e+15 1.58224e-01 1.70412e-01
1.58053e+15 1.58371e-01 1.70470e-01
1.59517e+15 1.58511e-01 1.70526e-01
1.60995e+15 1.58656e-01 1.70581e-01
1.62486e+15 1.58794e-01 1.70637e-01
1.63991e+15 1.58937e-01 1.70691e-01
1.65510e+15 1.59074e-01 1.70746e-01
1.67043e+15 1.59214e-01 1.70799e-01
1.68590e+15 1.59351e-01 1.70853e-01
1.70151e+15 1.59489e-01 1.70905e-01
1.71727e+15 1.59624e-01 1.70958e-01
1.73318e+15 1.59760e-01 1.71009e-01
1.74923e+15 1.59895e-01 1.71061e-01
1.76543e+15 1.60028e-01 1.71110e-01
1.78179e+15 1.60162e-01 1.71162e-01
1.79829e+15 1.60293e-01 1.71210e-01
1.81495e+15 1.60427e-01 1.71260e-01
1.83176e+15 1.60555e-01 1.71308e-01
1.84872e+15 1.60688e-01 1.71357e-01
1.86585e+15 1.60814e-01 1.71404e-01
1.88313e+15 1.60945e-01 1.71451e-01
1.90057e+15 1.61070e-01 1.71498e-01
1.91817e+15 1.61199e-01 1.71544e-01
1.93594e+15 1.61323e-01 1.71591e-01
1.95387e+15 1.61450e-01 1.71635e-01
1.97197e+15 1.61573e-01 1.71681e-01
1.99023e+15 1.61697e-01 1.71725e-01
2.00867e+15 1.61819e-01 1.71770e-01
2.02727e+15 1.61941e-01 1.71812e-01
2.04605e+15 1.62063e-01 1.71856e-01
2.06500e+15 1.62183e-01 1.71898e-01
2.08413e+15 1.62304e-01 1.71941e-01
2.10343e+15 1.62421e-01 1.71981e-01
2.12291e+15 1.62541e-01 1.72023e-01
2.14257e+15 1.62657e-01 1.72064e-01
2.16242e+15 1.62776e-01 1.72104e-01
2.18245e+15 1.62889e-01 1.72144e-01
2.20266e+15 1.63007e-01 1.72184e-01
2.22306e+15 1.63119e-01 1.72223e-01
2.24365e+15 1.63234e-01 1.72261e-01
2.26443e+15 1.63345e-01 1.72300e-01
2.28541e+15 1.63459e-01 1.72337e-01
2.30658e+15 1.63569e-01 1.72375e-01
2.32794e+15 1.63680e-01 1.72412e-01
2.34950e+15 1.63790e-01 1.72449e-01
2.37126e+15 1.63899e-01 1.72484e-01
2.39323e+15 1.64008e-01 1.72521e-01
2.41539e+15 1.64115e-01 1.72556e-01
2.43777e+15 1.64223e-01 1.72591e-01
2.46034e+15 1.64328e-01 1.72625e-01
2.48313e+15 1.64435e-01 1.72660e-01
2.50613e+15 1.64538e-01 1.72693e-01
2.52934e+15 1.64644e-01 1.72727e-01
2.55277e+15 1.64745e-01 1.72760e-01
2.57642e+15 1.64850e-01 1.72793e-01
2.60028e+15 1.64949e-01 1.72825e-01
2.62436e+15 1.65052e-01 1.72857e-01
2.64867e+15 1.65150e-01 1.72889e-01
2.67320e+15 1.65251e-01 1.72920e-01
2.69796e+15 1.65349e-01 1.72951e-01
2.72295e+15 1.65448e-01 1.72981e-01
2.74817e+15 1.65545e-01 1.73012e-01
2.77363e+15 1.65642e-01 1.73041e-01
2.79932e+15 1.65738e-01 1.73071e-01
2.82524e+15 1.65833e-01 1.73099e-01
2.85141e+15 1.65929e-01 1.73129e-01
2.87782e+15 1.66021e-01 1.73157e-01
2.90448e+15 1.66116e-01 1.73185e-01
2.93138e+15 1.66207e-01 1.73212e-01
2.95853e+15 1.66301e-01 1.73240e-01
2.98593e+15 1.66390e-01 1.73267e-01
3.01359e+15 1.66483e-01 1.73294e-01
3.04150e+15 1.66571e-01 1.73320e-01
3.06967e+15 1.66661e-01 1.73346e-01
3.09810e+15 1.66748e-01 1.73372e-01
3.12680e+15 1.66837e-01 1.73397e-01
3.15576e+15 1.66923e-01 1.73423e-01
